,First of Month,Days Produced,Well Status,API County,API Sequence,API Sidetrack,Formation,BOM Inventory,Oil Produced,Oil Sold,Oil Adjustment,EOM Inventory,Oil Gravity,Gas Produced,Gas Flared,Gas Used,Gas Shrinkage,Gas Sold,Gas BTU,Gas Tubing Pressure,Gas Casing Pressure,Water Volume,Water Tubing Pressure,Water Casing Pressure,Water Disp Code
0,2020-04-01,0.0,SI,5,7109,0,J SAND,8.0,,,,8.0,,,,,,,,,,,,,
1,2020-03-01,0.0,SI,5,7109,0,J SAND,8.0,,,,8.0,,,,,,,,,,,,,
2,2020-02-01,0.0,SI,5,7109,0,J SAND,8.0,,,,8.0,,,,,,,,,,,,,
3,2020-01-01,0.0,SI,5,7109,0,J SAND,27.0,,,-19.0,8.0,,,,,,,,,,,,,
4,2019-12-01,0.0,SI,5,7109,0,J SAND,27.0,,,,27.0,,,,,,,,,,,,,
5,2019-11-01,0.0,SI,5,7109,0,J SAND,27.0,,,,27.0,,,,,,,,,,,,,
6,2019-10-01,0.0,SI,5,7109,0,J SAND,27.0,,,,27.0,,,,,,,,,,,,,
7,2019-09-01,0.0,SI,5,7109,0,J SAND,27.0,,,,27.0,,,,,,,,,,,,,
8,2019-08-01,0.0,SI,5,7109,0,J SAND,27.0,,,,27.0,,,,,,,,,,,,,
9,2019-07-01,0.0,SI,5,7109,0,J SAND,27.0,,,,27.0,,,,,,,,,,,,,
10,2019-06-01,0.0,SI,5,7109,0,J SAND,27.0,,,,27.0,,,,,,,,,,,,,
11,2019-05-01,0.0,SI,5,7109,0,J SAND,27.0,,,,27.0,,,,,,,,,,,,,
12,2019-04-01,0.0,SI,5,7109,0,J SAND,27.0,,,,27.0,,,,,,,,,,,,,
13,2019-03-01,0.0,SI,5,7109,0,J SAND,27.0,,,,27.0,,,,,,,,,,,,,
14,2019-02-01,0.0,SI,5,7109,0,J SAND,27.0,,,,27.0,,,,,,,,,,,,,
15,2019-01-01,0.0,SI,5,7109,0,J SAND,27.0,,,,27.0,,,,,,,,,,,,,
16,2018-12-01,0.0,SI,5,7109,0,J SAND,27.0,,,,27.0,,,,,,,,,,,,,
17,2018-11-01,0.0,SI,5,7109,0,J SAND,27.0,,,,27.0,,,,,,,,,,,,,
18,2018-10-01,0.0,SI,5,7109,0,J SAND,27.0,,,,27.0,,,,,,,,,,,,,
19,2018-09-01,0.0,SI,5,7109,0,J SAND,27.0,,,,27.0,,,,,,,,,,,,,
20,2018-08-01,0.0,SI,5,7109,0,J SAND,27.0,,,,27.0,,,,,,,,,,,,,
21,2018-07-01,0.0,SI,5,7109,0,J SAND,27.0,,,,27.0,,,,,,,,,,,,,
22,2018-06-01,0.0,SI,5,7109,0,J SAND,27.0,,,,27.0,,,,,,,,,,,,,
23,2018-05-01,0.0,SI,5,7109,0,J SAND,27.0,,,,27.0,,,,,,,,,,,,,
24,2018-04-01,0.0,SI,5,7109,0,J SAND,27.0,,,,27.0,,,,,,,,,,,,,
25,2018-03-01,0.0,SI,5,7109,0,J SAND,27.0,,,,27.0,,,,,,,,,,,,,
26,2018-02-01,0.0,SI,5,7109,0,J SAND,27.0,,,,27.0,,,,,,,,,,,,,
27,2018-01-01,0.0,SI,5,7109,0,J SAND,27.0,,,,27.0,,,,,,,,,,,,,
28,2017-12-01,0.0,SI,5,7109,0,J SAND,27.0,,,,27.0,,,,,,,,,,,,,M
29,2017-11-01,0.0,SI,5,7109,0,J SAND,183.0,,157.0,1.0,27.0,36.2,,,,,,,,,,,,M
30,2017-10-01,0.0,SI,5,7109,0,J SAND,183.0,,,,183.0,,,,,,,,,,,,,M
31,2017-09-01,0.0,SI,5,7109,0,J SAND,183.0,,,,183.0,,,,,,,,,,,,,M
32,2017-08-01,0.0,SI,5,7109,0,J SAND,183.0,,,,183.0,,,,,,,,0.0,0.0,,0.0,0.0,M
33,2017-07-01,0.0,SI,5,7109,0,J SAND,183.0,,,,183.0,,,,,,,,0.0,0.0,,0.0,0.0,M
34,2017-06-01,1.0,PR,5,7109,0,J SAND,183.0,16.0,,,199.0,,,,,,,,0.0,0.0,,0.0,0.0,M
35,2017-05-01,0.0,SI,5,7109,0,J SAND,183.0,,,,183.0,,,,,,,,0.0,0.0,,0.0,0.0,M
36,2017-04-01,0.0,SI,5,7109,0,J SAND,183.0,,,,183.0,,,,,,,,0.0,0.0,,0.0,0.0,M
37,2017-03-01,0.0,SI,5,7109,0,J SAND,183.0,,,,183.0,,,,,,,,0.0,0.0,,0.0,0.0,M
38,2017-02-01,,SI,5,7109,0,J SAND,180.0,,,,180.0,,,,,,,,,,,,,C
39,2017-01-01,,SI,5,7109,0,J SAND,180.0,,,,180.0,,,,,,,,,,,,,C
40,2016-12-01,,SI,5,7109,0,J SAND,180.0,,,,180.0,,,,,,,,,,,,,C
41,2016-11-01,,SI,5,7109,0,J SAND,180.0,,,,180.0,,,,,,,,,,,,,
42,2016-10-01,,SI,5,7109,0,J SAND,180.0,,,,180.0,,,,,,,,,,,,,C
43,2016-09-01,,SI,5,7109,0,J SAND,180.0,,,,180.0,,,,,,,,,,,,,
44,2016-08-01,,SI,5,7109,0,J SAND,180.0,,,,180.0,,,,,,,,,,,,,
45,2016-07-01,,SI,5,7109,0,J SAND,180.0,,,,180.0,,,,,,,,,,,,,
46,2016-06-01,,SI,5,7109,0,J SAND,180.0,,,,180.0,,,,,,,,,,,,,C
47,2016-05-01,,SI,5,7109,0,J SAND,180.0,,,,180.0,,,,,,,,,,,,,
48,2016-04-01,,SI,5,7109,0,J SAND,180.0,,,,180.0,,,,,,,,,,,,,
49,2016-03-01,,SI,5,7109,0,J SAND,180.0,,,,180.0,,,,,,,,,,,,,
50,2016-02-01,,SI,5,7109,0,J SAND,180.0,,,,180.0,,,,,,,,,,,,,C
51,2016-01-01,,SI,5,7109,0,J SAND,180.0,,,,180.0,,,,,,,,,,,,,
52,2015-12-01,,SI,5,7109,0,J SAND,180.0,,,,180.0,,,,,,,,,,,,,
53,2015-11-01,,SI,5,7109,0,J SAND,180.0,,,,180.0,,,,,,,,,,,,,
54,2015-10-01,,SI,5,7109,0,J SAND,180.0,,,,180.0,,,,,,,1449.0,,,,,,
55,2015-09-01,,SI,5,7109,0,J SAND,180.0,,,,180.0,,,,,,,,,,,,,
56,2015-08-01,30.0,PR,5,7109,0,J SAND,180.0,,,,180.0,,31.0,,,,31.0,1449.0,,,,,,
57,2015-07-01,31.0,PR,5,7109,0,J SAND,180.0,,,,180.0,,49.0,,,,49.0,1449.0,,,,,,
58,2015-06-01,15.0,PR,5,7109,0,J SAND,180.0,,,,180.0,,96.0,,,,96.0,1449.0,,,,,,
59,2015-05-01,,SI,5,7109,0,J SAND,180.0,,,,180.0,,,,,,,,,,,,,
60,2015-04-01,,SI,5,7109,0,J SAND,180.0,,,,180.0,,,,,,,,,,,,,
61,2015-03-01,,SI,5,7109,0,J SAND,180.0,,,,180.0,,,,,,,,,,,,,
62,2015-02-01,23.0,PR,5,7109,0,J SAND,178.0,2.0,,,180.0,,18.0,,,,18.0,1449.0,,,,,,
63,2015-01-01,31.0,PR,5,7109,0,J SAND,182.0,,,-4.0,178.0,,20.0,,,,20.0,1449.0,,,,,,
64,2014-12-01,,SI,5,7109,0,J SAND,222.0,,,-40.0,182.0,,,,,,,,,,,,,
65,2014-11-01,30.0,PR,5,7109,0,J SAND,196.0,26.0,,,222.0,,28.0,,,,28.0,1449.0,,,13.0,,,I
66,2014-10-01,31.0,PR,5,7109,0,J SAND,170.0,26.0,,,196.0,,27.0,,,,27.0,1506.0,,,13.0,,,I
67,2014-09-01,1.0,PR,5,7109,0,J SAND,170.0,,,,170.0,,1.0,,,,1.0,1506.0,,,,,,
68,2014-08-01,31.0,PR,5,7109,0,J SAND,170.0,,,,170.0,,26.0,,,,26.0,1506.0,,,13.0,,,I
69,2014-07-01,24.0,PR,5,7109,0,J SAND,180.0,,,-10.0,170.0,,20.0,,,,20.0,1506.0,,,10.0,,,I
70,2014-06-01,30.0,PR,5,7109,0,J SAND,162.0,18.0,,,180.0,,25.0,,,,25.0,1506.0,,,13.0,,,I
71,2014-05-01,31.0,PR,5,7109,0,J SAND,185.0,,,-23.0,162.0,,28.0,,,,28.0,1506.0,,,13.0,,,I
72,2014-04-01,30.0,PR,5,7109,0,J SAND,160.0,25.0,,,185.0,,24.0,,,,24.0,1506.0,,,13.0,,,I
73,2014-03-01,31.0,PR,5,7109,0,J SAND,139.0,21.0,,,160.0,,25.0,,,,25.0,1506.0,,,13.0,,,I
74,2014-02-01,28.0,PR,5,7109,0,J SAND,105.0,34.0,,,139.0,,24.0,,,,24.0,1506.0,,,,,,
75,2014-01-01,31.0,PR,5,7109,0,J SAND,61.0,44.0,,,105.0,,31.0,,,,31.0,1506.0,,,13.0,,,I
76,2013-12-01,31.0,PR,5,7109,0,J SAND,52.0,9.0,,,61.0,,24.0,,,,24.0,1506.0,,,13.0,,,I
77,2013-11-01,30.0,PR,5,7109,0,J SAND,38.0,14.0,,,52.0,,24.0,,,,24.0,1506.0,,,13.0,,,I
78,2013-10-01,31.0,PR,5,7109,0,J SAND,184.0,20.0,166.0,,38.0,28.5,31.0,,,,31.0,1506.0,,,13.0,,,I
79,2013-09-01,30.0,PR,5,7109,0,J SAND,184.0,,,,184.0,,31.0,,,,31.0,1506.0,,,13.0,,,I
80,2013-08-01,31.0,PR,5,7109,0,J SAND,177.0,7.0,,,184.0,,33.0,,,,33.0,1506.0,,,,,,
81,2013-07-01,14.0,PR,5,7109,0,J SAND,164.0,13.0,,,177.0,,28.0,,,,28.0,1506.0,,,6.0,,,I
82,2013-06-01,28.0,PR,5,7109,0,J SAND,162.0,2.0,,,164.0,,31.0,,,,31.0,1506.0,,,12.0,,,I
83,2013-05-01,31.0,PR,5,7109,0,J SAND,150.0,12.0,,,162.0,,34.0,,,,34.0,1506.0,,,13.0,,,I
84,2013-04-01,30.0,PR,5,7109,0,J SAND,139.0,11.0,,,150.0,,34.0,,,,34.0,1506.0,,,13.0,,,I
85,2013-03-01,31.0,PR,5,7109,0,J SAND,127.0,12.0,,,139.0,,34.0,,,,34.0,1506.0,,,13.0,,,I
86,2013-02-01,28.0,PR,5,7109,0,J SAND,120.0,7.0,,,127.0,,27.0,,,,27.0,1506.0,,,12.0,,,I
87,2013-01-01,31.0,PR,5,7109,0,J SAND,110.0,10.0,,,120.0,,36.0,,,,36.0,1506.0,,,13.0,,,I
88,2012-12-01,25.0,PR,5,7109,0,J SAND,109.0,1.0,,,110.0,,32.0,,,,32.0,1506.0,,,11.0,,,I
89,2012-11-01,30.0,PR,5,7109,0,J SAND,95.0,14.0,,,109.0,,33.0,,,,33.0,1506.0,,,13.0,,,I
90,2012-10-01,31.0,PR,5,7109,0,J SAND,77.0,18.0,,,95.0,,37.0,,,,37.0,1481.0,,,13.0,,,I
91,2012-09-01,30.0,PR,5,7109,0,J SAND,77.0,,,,77.0,,38.0,,,,38.0,1481.0,,,13.0,,,I
92,2012-08-01,30.0,PR,5,7109,0,J SAND,58.0,19.0,,,77.0,,38.0,,,,38.0,1481.0,,,13.0,,,I
93,2012-07-01,31.0,PR,5,7109,0,J SAND,48.0,10.0,,,58.0,,45.0,,,,45.0,1481.0,,,13.0,,,I
94,2012-06-01,30.0,PR,5,7109,0,J SAND,195.0,21.0,168.0,,48.0,37.9,49.0,,,,49.0,1481.0,,,13.0,,,I
95,2012-05-01,30.0,PR,5,7109,0,J SAND,175.0,20.0,,,195.0,,40.0,,,,40.0,1481.0,,,13.0,,,I
96,2012-04-01,30.0,PR,5,7109,0,J SAND,157.0,18.0,,,175.0,,44.0,,,,44.0,1481.0,,,13.0,,,I
97,2012-03-01,31.0,PR,5,7109,0,J SAND,140.0,17.0,,,157.0,,40.0,,,,40.0,1481.0,,,13.0,,,I
98,2012-02-01,29.0,PR,5,7109,0,J SAND,127.0,13.0,,,140.0,,38.0,,,,38.0,1481.0,,,12.0,,,I
99,2012-01-01,31.0,PR,5,7109,0,J SAND,109.0,18.0,,,127.0,,46.0,,,,46.0,1481.0,,,13.0,,,I
100,2011-12-01,31.0,PR,5,7109,0,J SAND,94.0,15.0,,,109.0,,44.0,,,,44.0,1481.0,,,13.0,,,I
101,2011-11-01,30.0,PR,5,7109,0,J SAND,80.0,13.0,,1.0,94.0,,46.0,,,,46.0,1481.0,,,13.0,,,I
102,2011-10-01,31.0,PR,5,7109,0,J SAND,60.0,20.0,,,80.0,,53.0,,,,53.0,1322.0,,,13.0,,,I
103,2011-09-01,30.0,PR,5,7109,0,J SAND,202.0,26.0,167.0,-1.0,60.0,39.4,52.0,,,,52.0,1322.0,,,13.0,,,I
104,2011-08-01,31.0,PR,5,7109,0,J SAND,187.0,15.0,,,202.0,,70.0,,,,70.0,1322.0,,,13.0,,,I
105,2011-07-01,31.0,PR,5,7109,0,J SAND,172.0,15.0,,,187.0,,78.0,,,,78.0,1322.0,,,13.0,,,I
106,2011-06-01,30.0,PR,5,7109,0,J SAND,162.0,10.0,,,172.0,,73.0,,,,73.0,1322.0,,,13.0,,,I
107,2011-05-01,18.0,PR,5,7109,0,J SAND,150.0,12.0,,,162.0,,53.0,,,,53.0,1322.0,,,,,,
108,2011-04-01,30.0,PR,5,7109,0,J SAND,129.0,22.0,,-1.0,150.0,,77.0,,,,77.0,1322.0,,,13.0,,,I
109,2011-03-01,31.0,PR,5,7109,0,J SAND,114.0,15.0,,,129.0,,82.0,,,,82.0,1322.0,,,13.0,,,I
110,2011-02-01,28.0,PR,5,7109,0,J SAND,92.0,22.0,,,114.0,,,,,,,,,,,,,
111,2011-01-01,13.0,PR,5,7109,0,J SAND,100.0,,,-8.0,92.0,,35.0,,,,35.0,1322.0,,,,,,
112,2010-12-01,31.0,PR,5,7109,0,J SAND,53.0,47.0,,,100.0,,67.0,,,,67.0,1322.0,,,12.0,,,I
113,2010-11-01,30.0,PR,5,7109,0,J SAND,247.0,39.0,185.0,-48.0,53.0,42.4,69.0,,,,69.0,1322.0,,,35.0,,,I
114,2010-10-01,31.0,PR,5,7109,0,J SAND,257.0,33.0,,-43.0,247.0,,106.0,,,,106.0,140.0,,,40.0,,,I
115,2010-09-01,30.0,PR,5,7109,0,J SAND,235.0,22.0,,,257.0,,106.0,,,,106.0,140.0,,,187.0,,,I
116,2010-08-01,31.0,PR,5,7109,0,J SAND,202.0,33.0,,,235.0,,133.0,,,,133.0,176.0,,,104.0,,,I
117,2010-07-01,31.0,PR,5,7109,0,J SAND,167.0,35.0,,,202.0,,71.0,,,,71.0,95.0,,,,,,
118,2010-06-01,30.0,PR,5,7109,0,J SAND,124.0,43.0,,,167.0,,118.0,,,,118.0,157.0,,,39.0,,,I
119,2010-05-01,31.0,PR,5,7109,0,J SAND,102.0,22.0,,,124.0,,128.0,,,,128.0,169.0,,,73.0,,,I
120,2010-04-01,30.0,PR,5,7109,0,J SAND,267.0,28.0,177.0,-17.0,102.0,41.0,131.0,,,,131.0,173.0,,,40.0,,,I
121,2010-03-01,31.0,PR,5,7109,0,J SAND,249.0,18.0,,,267.0,,135.0,,,,135.0,179.0,,,59.0,,,I
122,2010-02-01,28.0,PR,5,7109,0,J SAND,229.0,20.0,,,249.0,,139.0,,,,139.0,184.0,,,65.0,,,I
123,2010-01-01,31.0,PR,5,7109,0,J SAND,210.0,18.0,,,229.0,,143.0,,,,143.0,189.0,,,69.0,,,I
124,2009-12-01,31.0,PR,5,7109,0,J SAND,189.0,22.0,,,210.0,,291.0,,,,291.0,1323.0,,,,,,
125,2009-11-01,30.0,PR,5,7109,0,J SAND,157.0,32.0,,,189.0,,153.0,,,,153.0,202.0,,,60.0,,,I
126,2009-10-01,31.0,PR,5,7109,0,J SAND,235.0,22.0,,-100.0,157.0,,158.0,,,,158.0,208.0,,,147.0,,,I
127,2009-09-01,30.0,PR,5,7109,0,J SAND,213.0,23.0,,,235.0,,163.0,,,,163.0,215.0,,,55.0,,,I
128,2009-08-01,31.0,PR,5,7109,0,J SAND,167.0,46.0,,,213.0,,168.0,,,,168.0,224.0,,,118.0,,,I
129,2009-07-01,29.0,PR,5,7109,0,J SAND,90.0,77.0,,,167.0,,165.0,,,,165.0,219.0,,,38.0,,,I
130,2009-06-01,26.0,PR,5,7109,0,J SAND,252.0,50.0,186.0,-25.0,90.0,40.0,160.0,,,,160.0,213.0,,,65.0,,,I
131,2009-05-01,31.0,PR,5,7109,0,J SAND,252.0,,,,252.0,,188.0,,,,188.0,248.0,,,92.0,,,I
132,2009-04-01,30.0,PR,5,7109,0,J SAND,195.0,57.0,,,252.0,,195.0,,,,195.0,258.0,,,62.0,,,I
133,2009-03-01,31.0,PR,5,7109,0,J SAND,197.0,,,-2.0,195.0,,451.0,,,,451.0,596.0,,,116.0,,,I
134,2009-02-01,28.0,PR,5,7109,0,J SAND,165.0,32.0,,,197.0,,283.0,,,,283.0,1322.0,,,,,,
135,2009-01-01,21.0,PR,5,7109,0,J SAND,69.0,96.0,,,165.0,,253.0,,,,253.0,1322.0,,,42.0,,,I
136,2008-12-01,6.0,PR,5,7109,0,J SAND,27.0,42.0,,,69.0,,86.0,,,,86.0,1322.0,,,,,,
137,2008-11-01,30.0,PR,5,7109,0,J SAND,241.0,,198.0,-16.0,27.0,36.2,359.0,,,,359.0,1322.0,,,106.0,,,I
138,2008-10-01,31.0,PR,5,7109,0,J SAND,195.0,46.0,,,241.0,,325.0,,,,325.0,1386.0,,,60.0,,,I
139,2008-09-01,30.0,PR,5,7109,0,J SAND,134.0,61.0,,,195.0,,710.0,,,,710.0,1386.0,,,167.0,,,I
140,2008-08-01,31.0,PR,5,7109,0,J SAND,70.0,64.0,,,134.0,,649.0,,,,649.0,1386.0,,,63.0,,,I
141,2008-07-01,31.0,PR,5,7109,0,J SAND,224.0,25.0,179.0,,70.0,40.9,673.0,,,,673.0,1386.0,,,112.0,,,I
142,2008-06-01,30.0,PR,5,7109,0,J SAND,150.0,47.0,,,197.0,,650.0,,,,650.0,1386.0,,,93.0,,,I
143,2008-05-01,31.0,PR,5,7109,0,J SAND,127.0,23.0,,,150.0,,689.0,,,,689.0,1386.0,,,,,,
144,2008-04-01,30.0,PR,5,7109,0,J SAND,114.0,13.0,,,127.0,,576.0,,,,576.0,1424.0,,,325.0,,,I
145,2008-03-01,3.0,PR,5,7109,0,J SAND,113.0,,,,113.0,,113.0,,,,113.0,1424.0,,,,,,
146,2008-02-01,,SI,5,7109,0,J SAND,113.0,,,,113.0,,,,,,,,,,,,,
147,2008-01-01,,SI,5,7109,0,J SAND,113.0,,,,113.0,,,,,,,,,,,,,
148,2007-12-01,31.0,PR,5,7109,0,J SAND,259.0,41.0,187.0,,113.0,38.0,567.0,,,,567.0,1426.0,,,,,,
149,2007-11-01,30.0,PR,5,7109,0,J SAND,90.0,169.0,,,259.0,,619.0,,,,619.0,1422.0,,,153.0,,,I
150,2007-10-01,31.0,PR,5,7109,0,J SAND,130.0,139.0,179.0,,90.0,37.4,1487.0,,,,1487.0,1315.0,,,291.0,,,I
151,2007-09-01,30.0,PR,5,7109,0,J SAND,214.0,96.0,180.0,,130.0,38.7,2211.0,,,,2211.0,1316.0,,,260.0,,,I
152,2007-08-01,28.0,PR,5,7109,0,J SAND,219.0,176.0,181.0,,214.0,37.6,738.0,,,,738.0,1316.0,,,259.0,,,I
153,2007-07-01,31.0,PR,5,7109,0,J SAND,97.0,299.0,177.0,,219.0,39.6,1269.0,,,,1269.0,1316.0,,,175.0,,,I
154,2007-06-01,24.0,PR,5,7109,0,J SAND,,284.0,187.0,,97.0,40.8,1074.0,,,,1074.0,1316.0,,,,,,
155,2007-05-01,1.0,PR,5,7109,0,J SAND,,,,,,,73.0,,,,73.0,1295.0,,,,,,
156,2007-04-01,1.0,PR,5,7109,0,J SAND,,,,,,,86.0,,,,86.0,1295.0,,,,,,
157,2007-03-01,,SI,5,7109,0,J SAND,,,,,,,,,,,,,,,,,,
158,2007-02-01,,SI,5,7109,0,J SAND,,,,,,,,,,,,,,,,,,
159,2007-01-01,,SI,5,7109,0,J SAND,,,,,,,,,,,,,,,,,,
160,2006-12-01,,SI,5,7109,0,J SAND,,,,,,,,,,,,,,,,,,
161,2006-11-01,,SI,5,7109,0,J SAND,,,,,,,,,,,,,,,,,,
162,2006-10-01,,SI,5,7109,0,J SAND,,,,,,,,,,,,,,,,,,
163,2006-09-01,,SI,5,7109,0,J SAND,,,,,,,,,,,,,,,,,,
164,2006-08-01,,SI,5,7109,0,J SAND,,,,,,,,,,,,,,,,,,
165,2006-07-01,,SI,5,7109,0,J SAND,,,,,,,,,,,,,,,,,,
166,2006-06-01,,WO,5,7109,0,J SAND,,,,,,,,,,,,,0.0,0.0,,0.0,0.0,
167,2006-05-01,,DG,5,7109,0,J SAND,,,,,,,,,,,,,0.0,0.0,,0.0,0.0,
