,First of Month,Days Produced,Well Status,API County,API Sequence,API Sidetrack,Formation,BOM Inventory,Oil Produced,Oil Sold,Oil Adjustment,EOM Inventory,Oil Gravity,Gas Produced,Gas Flared,Gas Used,Gas Shrinkage,Gas Sold,Gas BTU,Gas Tubing Pressure,Gas Casing Pressure,Water Volume,Water Tubing Pressure,Water Casing Pressure,Water Disp Code
0,2020-04-01,0.0,SI,123,25099,0,CODELL,,,,,,,,,,,,,,,,,,
1,2020-03-01,0.0,SI,123,25099,0,CODELL,7.0,,7.0,,,47.7,,,,,,,,,,,,
2,2020-02-01,1.0,PR,123,25099,0,CODELL,1.0,19.0,13.0,,7.0,47.7,43.0,,1.0,,42.0,1243.0,,,4.0,,,M
3,2020-01-01,1.0,PR,123,25099,0,CODELL,4.0,1.0,4.0,,1.0,50.2,3.0,,1.0,,2.0,1244.0,,,,,,
4,2019-12-01,0.0,SI,123,25099,0,CODELL,4.0,,,,4.0,,,,,,,,,,,,,
5,2019-11-01,3.0,PR,123,25099,0,CODELL,,4.0,,,4.0,,14.0,,3.0,,11.0,1239.0,,,,,,
6,2019-10-01,1.0,PR,123,25099,0,CODELL,,,,,,,7.0,,1.0,,6.0,1239.0,,,,,,
7,2019-09-01,0.0,SI,123,25099,0,CODELL,,,,,,,,,,,,,,,,,,
8,2019-08-01,0.0,SI,123,25099,0,CODELL,,,,,,,,,,,,,,,,,,
9,2019-07-01,0.0,SI,123,25099,0,CODELL,,,,,,,,,,,,,,,,,,
10,2019-06-01,0.0,SI,123,25099,0,CODELL,,,,,,,,,,,,,,,,,,
11,2019-05-01,0.0,SI,123,25099,0,CODELL,,,,,,,,,,,,,,,,,,
12,2019-04-01,0.0,SI,123,25099,0,CODELL,,,,,,,,,,,,,,,,,,
13,2019-03-01,0.0,SI,123,25099,0,CODELL,,,,,,,,,,,,,,,,,,
14,2019-02-01,0.0,SI,123,25099,0,CODELL,,,,,,,,,,,,,,,,,,
15,2019-01-01,0.0,SI,123,25099,0,CODELL,,,,,,,,,,,,,,,,,,
16,2018-12-01,0.0,SI,123,25099,0,CODELL,,,,,,,,,,,,,,,,,,
17,2018-11-01,0.0,SI,123,25099,0,CODELL,,,,,,,,,,,,,,,,,,
18,2018-10-01,0.0,SI,123,25099,0,CODELL,,,,,,,,,,,,,,,,,,
19,2018-09-01,0.0,SI,123,25099,0,CODELL,,,,,,,,,,,,,,,,,,
20,2018-08-01,0.0,SI,123,25099,0,CODELL,,,,,,,,,,,,,,,,,,
21,2018-07-01,0.0,SI,123,25099,0,CODELL,,,,,,,,,,,,,,,,,,
22,2018-06-01,1.0,PR,123,25099,0,CODELL,24.0,,24.0,,,48.5,29.0,,,,29.0,1243.0,,,,,,
23,2018-05-01,5.0,PR,123,25099,0,CODELL,28.0,22.0,26.0,,24.0,50.0,97.0,,5.0,,92.0,1243.0,,,,,,
24,2018-04-01,29.0,PR,123,25099,0,CODELL,41.0,116.0,129.0,,28.0,44.5,681.0,,28.0,,653.0,1244.0,,,2.0,,,M
25,2018-03-01,10.0,PR,123,25099,0,CODELL,,89.0,45.0,-3.0,41.0,50.4,536.0,,10.0,,526.0,1280.0,,,,,,
26,2018-02-01,0.0,SI,123,25099,0,CODELL,,,,,,,,,,,,,,,,,,
27,2018-01-01,0.0,SI,123,25099,0,CODELL,,,,,,,,,,,,,,,,,,
28,2017-12-01,0.0,SI,123,25099,0,CODELL,,,,,,,,,,,,,,,,,,
29,2017-11-01,0.0,SI,123,25099,0,CODELL,,,,,,,,,,,,,,,,,,
30,2017-10-01,0.0,SI,123,25099,0,CODELL,,,,,,,,,,,,,,,,,,
31,2017-09-01,0.0,SI,123,25099,0,CODELL,,,,,,,,,,,,,0.0,0.0,,0.0,0.0,
32,2017-08-01,0.0,SI,123,25099,0,CODELL,,,,,,,,,,,,,0.0,0.0,,0.0,0.0,
33,2017-07-01,0.0,SI,123,25099,0,CODELL,,,,,,,,,,,,,0.0,0.0,,0.0,0.0,
34,2017-06-01,0.0,SI,123,25099,0,CODELL,,,,,,,,,,,,,0.0,0.0,,0.0,0.0,
35,2017-05-01,0.0,SI,123,25099,0,CODELL,,,,,,,,,,,,,0.0,0.0,,0.0,0.0,
36,2017-04-01,1.0,PR,123,25099,0,CODELL,,,,,,,15.0,,,,15.0,1287.0,0.0,0.0,,0.0,0.0,
37,2017-03-01,0.0,SI,123,25099,0,CODELL,,,,,,,,,,,,,0.0,0.0,,0.0,0.0,
38,2017-02-01,0.0,SI,123,25099,0,CODELL,,,,,,,,,,,,,0.0,0.0,,0.0,0.0,
39,2017-01-01,0.0,SI,123,25099,0,CODELL,,,,,,,,,,,,,0.0,0.0,,0.0,0.0,
40,2016-12-01,0.0,SI,123,25099,0,CODELL,,,,,,,,,,,,,0.0,0.0,,0.0,0.0,
41,2016-11-01,0.0,SI,123,25099,0,CODELL,,,,,,,,,,,,,0.0,0.0,,0.0,0.0,
42,2016-10-01,0.0,SI,123,25099,0,CODELL,,,,,,,,,,,,,0.0,0.0,,0.0,0.0,
43,2016-09-01,15.0,PR,123,25099,0,CODELL,38.0,15.0,53.0,,,40.0,240.0,,14.0,,226.0,1280.0,0.0,0.0,,0.0,0.0,
44,2016-08-01,14.0,PR,123,25099,0,CODELL,30.0,8.0,,,38.0,,248.0,,13.0,,235.0,1280.0,0.0,0.0,,0.0,0.0,
45,2016-07-01,6.0,PR,123,25099,0,CODELL,23.0,6.0,,1.0,30.0,,172.0,,5.0,,167.0,1280.0,0.0,0.0,4.0,0.0,0.0,M
46,2016-06-01,17.0,PR,123,25099,0,CODELL,38.0,27.0,42.0,,23.0,47.7,152.0,,16.0,,136.0,1285.0,0.0,0.0,,,0.0,
47,2016-05-01,30.0,PR,123,25099,0,CODELL,54.0,73.0,88.0,-1.0,38.0,48.8,353.0,,29.0,,324.0,1286.0,0.0,0.0,,0.0,0.0,
48,2016-04-01,30.0,PR,123,25099,0,CODELL,44.0,85.0,75.0,,54.0,49.1,388.0,,29.0,,359.0,1286.0,0.0,0.0,,0.0,0.0,
49,2016-03-01,25.0,PR,123,25099,0,CODELL,150.0,56.0,162.0,,44.0,50.8,310.0,,24.0,,286.0,1286.0,0.0,0.0,,0.0,0.0,
50,2016-02-01,26.0,PR,123,25099,0,CODELL,97.0,53.0,,,150.0,,358.0,,25.0,,333.0,1286.0,0.0,0.0,,0.0,0.0,
51,2016-01-01,20.0,PR,123,25099,0,CODELL,131.0,30.0,64.0,,97.0,51.0,197.0,,19.0,,178.0,1286.0,0.0,0.0,,0.0,0.0,
52,2015-12-01,30.0,PR,123,25099,0,CODELL,67.0,65.0,,-1.0,131.0,,367.0,,29.0,,338.0,1286.0,0.0,0.0,,0.0,0.0,
53,2015-11-01,25.0,PR,123,25099,0,CODELL,73.0,39.0,45.0,,67.0,49.6,310.0,,24.0,,286.0,1286.0,0.0,0.0,,0.0,0.0,
54,2015-10-01,31.0,PR,123,25099,0,CODELL,40.0,71.0,38.0,,73.0,47.3,378.0,,30.0,,348.0,1286.0,0.0,0.0,12.0,0.0,0.0,M
55,2015-09-01,30.0,PR,123,25099,0,CODELL,42.0,82.0,83.0,-1.0,40.0,47.7,387.0,,29.0,,358.0,1286.0,0.0,0.0,,0.0,0.0,
56,2015-08-01,31.0,PR,123,25099,0,CODELL,36.0,76.0,70.0,,42.0,48.1,390.0,,30.0,,360.0,1285.0,0.0,0.0,,0.0,0.0,
57,2015-07-01,29.0,PR,123,25099,0,CODELL,63.0,90.0,117.0,,36.0,46.9,418.0,,28.0,,390.0,1286.0,0.0,0.0,,0.0,0.0,
58,2015-06-01,28.0,PR,123,25099,0,CODELL,97.0,93.0,127.0,,63.0,48.7,427.0,,27.0,,400.0,1286.0,0.0,0.0,,0.0,0.0,
59,2015-05-01,26.0,PR,123,25099,0,CODELL,131.0,51.0,86.0,1.0,97.0,51.6,354.0,,25.0,,329.0,1286.0,0.0,0.0,,0.0,0.0,
60,2015-04-01,20.0,PR,123,25099,0,CODELL,112.0,19.0,,,131.0,,311.0,,19.0,,292.0,1286.0,0.0,0.0,,0.0,0.0,
61,2015-03-01,23.0,PR,123,25099,0,CODELL,135.0,48.0,71.0,,112.0,52.5,477.0,,19.0,,458.0,1286.0,0.0,0.0,,0.0,0.0,
62,2015-02-01,23.0,PR,123,25099,0,CODELL,116.0,20.0,,-1.0,135.0,,308.0,,22.0,,286.0,1286.0,0.0,0.0,,0.0,0.0,
63,2015-01-01,31.0,PR,123,25099,0,CODELL,77.0,44.0,,-5.0,116.0,,437.0,,30.0,,407.0,1286.0,0.0,0.0,,0.0,0.0,
64,2014-12-01,28.0,PR,123,25099,0,CODELL,100.0,35.0,57.0,-1.0,77.0,49.7,382.0,,27.0,,355.0,1286.0,0.0,0.0,,0.0,0.0,
65,2014-11-01,29.0,PR,123,25099,0,CODELL,74.0,79.0,54.0,1.0,100.0,50.9,470.0,,28.0,,442.0,1286.0,0.0,0.0,8.0,0.0,0.0,M
66,2014-10-01,31.0,PR,123,25099,0,CODELL,71.0,101.0,98.0,,74.0,49.3,539.0,,30.0,,509.0,1286.0,0.0,0.0,,0.0,0.0,
67,2014-09-01,29.0,PR,123,25099,0,CODELL,98.0,68.0,95.0,,71.0,48.4,424.0,,28.0,,396.0,1286.0,0.0,0.0,,0.0,0.0,
68,2014-08-01,28.0,PR,123,25099,0,CODELL,95.0,95.0,92.0,,98.0,49.1,626.0,,27.0,,599.0,1286.0,0.0,0.0,11.0,0.0,0.0,M
69,2014-07-01,19.0,PR,123,25099,0,CODELL,127.0,54.0,86.0,,95.0,48.2,335.0,,18.0,,317.0,1286.0,0.0,0.0,,0.0,0.0,
70,2014-06-01,29.0,PR,123,25099,0,CODELL,121.0,98.0,92.0,,127.0,51.5,527.0,,28.0,,499.0,1316.0,0.0,0.0,9.0,0.0,0.0,M
71,2014-05-01,31.0,PR,123,25099,0,CODELL,103.0,106.0,88.0,,121.0,50.7,647.0,,30.0,,617.0,1316.0,0.0,0.0,8.0,0.0,0.0,M
72,2014-04-01,9.0,PR,123,25099,0,CODELL,133.0,22.0,52.0,,103.0,49.3,173.0,,9.0,,164.0,1316.0,0.0,0.0,6.0,0.0,0.0,M
73,2014-03-01,30.0,PR,123,25099,0,CODELL,132.0,90.0,90.0,1.0,133.0,50.5,760.0,,29.0,,731.0,1316.0,0.0,0.0,,0.0,0.0,
74,2014-02-01,28.0,PR,123,25099,0,CODELL,113.0,99.0,80.0,,132.0,50.9,605.0,,27.0,,578.0,1288.0,0.0,0.0,6.0,0.0,0.0,M
75,2014-01-01,30.0,PR,123,25099,0,CODELL,61.0,90.0,39.0,,112.0,51.7,623.0,,,,623.0,1288.0,,,,,,
76,2013-12-01,11.0,PR,123,25099,0,CODELL,61.0,,,,61.0,,218.0,,,,218.0,1288.0,,,,,,
77,2013-11-01,29.0,PR,123,25099,0,CODELL,32.0,109.0,80.0,,61.0,49.2,493.0,,,,493.0,1288.0,,,18.0,,,P
78,2013-10-01,31.0,PR,123,25099,0,CODELL,84.0,107.0,159.0,,32.0,49.6,664.0,,,,664.0,1288.0,,,10.0,,,P
79,2013-09-01,30.0,PR,123,25099,0,CODELL,56.0,100.0,72.0,,84.0,48.6,612.0,,,,612.0,1288.0,,,9.0,,,P
80,2013-08-01,30.0,PR,123,25099,0,CODELL,38.0,87.0,69.0,,56.0,48.8,522.0,,,,522.0,1338.0,,,8.0,,,P
81,2013-07-01,31.0,PR,123,25099,0,CODELL,25.0,83.0,70.0,,38.0,46.2,521.0,,,,521.0,1338.0,,,11.0,,,P
82,2013-06-01,30.0,PR,123,25099,0,CODELL,53.0,82.0,110.0,,25.0,48.7,506.0,,,,506.0,1338.0,,,9.0,,,P
83,2013-05-01,31.0,PR,123,25099,0,CODELL,106.0,94.0,147.0,,53.0,49.8,541.0,,,,541.0,1338.0,,,12.0,,,P
84,2013-04-01,30.0,PR,123,25099,0,CODELL,55.0,93.0,42.0,,106.0,49.4,556.0,,,,556.0,1338.0,,,23.0,,,P
85,2013-03-01,31.0,PR,123,25099,0,CODELL,66.0,103.0,114.0,,55.0,49.1,615.0,,,,615.0,1338.0,,,8.0,,,P
86,2013-02-01,28.0,PR,123,25099,0,CODELL,83.0,99.0,116.0,,66.0,51.0,563.0,,,,563.0,1338.0,,,8.0,,,P
87,2013-01-01,31.0,PR,123,25099,0,CODELL,84.0,111.0,112.0,,83.0,50.7,652.0,,,,652.0,1338.0,,,10.0,,,P
88,2012-12-01,31.0,PR,123,25099,0,CODELL,58.0,98.0,72.0,,84.0,49.7,594.0,,,,594.0,1338.0,,,9.0,,,P
89,2012-11-01,30.0,PR,123,25099,0,CODELL,62.0,112.0,116.0,,58.0,46.7,628.0,,,,628.0,1338.0,,,8.0,,,P
90,2012-10-01,31.0,PR,123,25099,0,CODELL,56.0,115.0,109.0,,62.0,49.5,647.0,,,,647.0,1338.0,,,11.0,,,P
91,2012-09-01,30.0,PR,123,25099,0,CODELL,60.0,101.0,105.0,,56.0,50.0,594.0,,,,594.0,1338.0,,,5.0,,,P
92,2012-08-01,31.0,PR,123,25099,0,CODELL,7.0,93.0,40.0,,60.0,47.4,583.0,,,,583.0,1338.0,,,9.0,,,P
93,2012-07-01,31.0,PR,123,25099,0,CODELL,8.0,17.0,18.0,,7.0,47.2,111.0,,,,111.0,1277.0,,,1.0,,,P
94,2012-06-01,30.0,PR,123,25099,0,CODELL,10.0,15.0,17.0,,8.0,47.0,102.0,,,,102.0,1277.0,,,2.0,,,P
95,2012-05-01,31.0,PR,123,25099,0,CODELL,8.0,19.0,17.0,,10.0,48.3,115.0,,,,115.0,1277.0,,,2.0,,,P
96,2012-04-01,30.0,PR,123,25099,0,CODELL,10.0,14.0,16.0,,8.0,48.5,106.0,,,,106.0,1277.0,,,1.0,,,P
97,2012-03-01,31.0,PR,123,25099,0,CODELL,8.0,19.0,17.0,,10.0,48.3,126.0,,,,126.0,1277.0,,,2.0,,,P
98,2012-02-01,29.0,PR,123,25099,0,CODELL,8.0,19.0,18.0,-1.0,8.0,50.2,128.0,,,,128.0,1277.0,,,2.0,,,P
99,2011-12-01,31.0,PR,123,25099,0,CODELL,8.0,24.0,22.0,,10.0,51.4,143.0,,,,143.0,1277.0,,,3.0,,,P
100,2011-11-01,30.0,PR,123,25099,0,CODELL,7.0,25.0,24.0,,8.0,49.0,141.0,,,,141.0,1277.0,,,2.0,,,P
101,2011-10-01,31.0,PR,123,25099,0,CODELL,6.0,23.0,23.0,1.0,7.0,49.1,126.0,,,,126.0,1277.0,,,2.0,,,P
102,2011-09-01,30.0,PR,123,25099,0,CODELL,20.0,26.0,40.0,,6.0,49.2,128.0,,,,128.0,1277.0,,,2.0,,,P
103,2011-08-01,28.0,PR,123,25099,0,CODELL,30.0,47.0,57.0,,20.0,47.2,259.0,,,,259.0,1277.0,,,4.0,,,P
104,2011-07-01,31.0,PR,123,25099,0,CODELL,40.0,76.0,86.0,,30.0,48.0,410.0,,,,410.0,1300.0,,,7.0,,,P
105,2011-06-01,30.0,PR,123,25099,0,CODELL,50.0,77.0,88.0,1.0,40.0,46.3,425.0,,,,425.0,1300.0,,,2.0,,,P
106,2011-05-01,31.0,PR,123,25099,0,CODELL,31.0,91.0,72.0,,50.0,48.4,422.0,,,,422.0,1300.0,,,9.0,,,P
107,2011-04-01,30.0,PR,123,25099,0,CODELL,58.0,99.0,126.0,,31.0,47.4,461.0,,,,461.0,1300.0,,,10.0,,,P
108,2011-03-01,31.0,PR,123,25099,0,CODELL,48.0,94.0,84.0,,58.0,49.5,378.0,,,,378.0,1300.0,,,3.0,,,P
109,2011-02-01,28.0,PR,123,25099,0,CODELL,23.0,78.0,54.0,1.0,48.0,49.2,357.0,,,,357.0,1300.0,,,3.0,,,P
110,2011-01-01,31.0,PR,123,25099,0,CODELL,26.0,85.0,87.0,-1.0,23.0,48.9,443.0,,,,443.0,1300.0,,,13.0,,,P
111,2010-12-01,31.0,PR,123,25099,0,CODELL,36.0,58.0,69.0,1.0,26.0,46.0,430.0,,,,430.0,1300.0,,,4.0,,,P
112,2010-11-01,30.0,PR,123,25099,0,CODELL,43.0,161.0,168.0,,36.0,48.2,795.0,,,,795.0,1300.0,,,,,,
113,2010-10-01,31.0,PR,123,25099,0,CODELL,16.0,108.0,80.0,-1.0,43.0,46.4,561.0,,,,561.0,1300.0,,,8.0,,,P
114,2010-09-01,30.0,PR,123,25099,0,CODELL,68.0,74.0,126.0,,16.0,45.0,216.0,,,,216.0,1301.0,,,,,,
115,2010-08-01,31.0,PR,123,25099,0,CODELL,80.0,167.0,179.0,,68.0,46.0,520.0,,,,520.0,1300.0,,,100.0,,,I
116,2010-06-01,30.0,PR,123,25099,0,CODELL,52.0,236.0,230.0,,58.0,47.0,1229.0,,,,1229.0,1306.0,,,,,,
117,2010-05-01,31.0,PR,123,25099,0,CODELL,57.0,225.0,230.0,,52.0,49.0,1363.0,,,,1363.0,1306.0,,,13.0,,,I
118,2010-04-01,30.0,PR,123,25099,0,CODELL,47.0,237.0,227.0,,57.0,49.0,1414.0,,,,1414.0,1306.0,,,13.0,,,P
119,2010-03-01,30.0,PR,123,25099,0,CODELL,87.0,247.0,287.0,,47.0,51.0,1518.0,,,,1518.0,1306.0,,,13.0,,,P
120,2010-02-01,28.0,PR,123,25099,0,CODELL,65.0,253.0,230.0,,88.0,50.1,1625.0,,,,1625.0,1306.0,,,12.0,,,P
121,2010-01-01,31.0,PR,123,25099,0,CODELL,68.0,291.0,294.0,,65.0,51.0,1787.0,,,,1787.0,1306.0,,,,,,
122,2009-12-01,31.0,PR,123,25099,0,CODELL,34.0,358.0,324.0,,68.0,49.7,1921.0,,,,1921.0,1306.0,,,26.0,,,P
123,2009-11-01,27.0,PR,123,25099,0,CODELL,37.0,378.0,381.0,,34.0,51.4,1532.0,,,,1532.0,1306.0,,,63.0,,,P
124,2009-10-01,22.0,PR,123,25099,0,CODELL,77.0,326.0,366.0,,37.0,48.6,1172.0,,,,1172.0,1306.0,,,15.0,,,P
125,2009-09-01,30.0,PR,123,25099,0,CODELL,109.0,485.0,517.0,,77.0,48.4,1731.0,,,,1731.0,1307.0,,,,,,
126,2009-08-01,31.0,PR,123,25099,0,CODELL,91.0,501.0,483.0,,109.0,47.6,1736.0,,,,1736.0,1304.0,,,,,,
127,2009-07-01,31.0,PR,123,25099,0,CODELL,52.0,483.0,444.0,,91.0,48.2,1715.0,,,,1715.0,1275.0,,,,,,
128,2009-06-01,30.0,PR,123,25099,0,CODELL,153.0,434.0,535.0,,52.0,47.8,1647.0,,,,1647.0,1275.0,,,16.0,,,P
129,2009-05-01,31.0,PR,123,25099,0,CODELL,114.0,538.0,499.0,,153.0,48.2,1842.0,,,,1842.0,1274.0,,,22.0,,,P
130,2009-04-01,30.0,PR,123,25099,0,CODELL,118.0,649.0,653.0,,114.0,48.4,1893.0,,,,1893.0,1275.0,,,,,,
131,2009-03-01,30.0,PR,123,25099,0,CODELL,99.0,629.0,610.0,,118.0,48.9,1630.0,,,,1630.0,1274.0,,,22.0,,,P
132,2009-02-01,28.0,PR,123,25099,0,CODELL,110.0,453.0,464.0,,99.0,48.2,1145.0,,,,1145.0,1275.0,,,,,,
133,2009-01-01,31.0,PR,123,25099,0,CODELL,98.0,537.0,525.0,,110.0,48.0,1407.0,,,,1407.0,1274.0,,,62.0,,,P
134,2008-12-01,29.0,PR,123,25099,0,CODELL,,1041.0,943.0,,98.0,48.3,2248.0,,,,2248.0,1275.0,,,1213.0,,,P
135,2008-11-01,,WO,123,25099,0,CODELL,,,,,,,,,,,,,,,,,,
136,2008-10-01,,WO,123,25099,0,CODELL,,,,,,,,,,,,,,,,,,
