,First of Month,Days Produced,Well Status,API County,API Sequence,API Sidetrack,Formation,BOM Inventory,Oil Produced,Oil Sold,Oil Adjustment,EOM Inventory,Oil Gravity,Gas Produced,Gas Flared,Gas Used,Gas Shrinkage,Gas Sold,Gas BTU,Gas Tubing Pressure,Gas Casing Pressure,Water Volume,Water Tubing Pressure,Water Casing Pressure,Water Disp Code
0,2020-04-01,30.0,PR,123,24252,0,CODELL,55.0,52.0,,,107.0,,329.0,,,,329.0,1350.0,,,,,,
1,2020-03-01,30.0,PR,123,24252,0,CODELL,116.0,37.0,98.0,,55.0,55.1,349.0,,,,349.0,1350.0,,,12.0,,,P
2,2020-02-01,29.0,PR,123,24252,0,CODELL,69.0,47.0,,,116.0,,369.0,,,,369.0,1350.0,,,,,,
3,2020-01-01,30.0,PR,123,24252,0,CODELL,88.0,81.0,100.0,,69.0,52.7,484.0,,,,484.0,1350.0,,,,,,
4,2019-12-01,31.0,PR,123,24252,0,CODELL,112.0,99.0,123.0,,88.0,53.2,665.0,,,,665.0,1350.0,,,15.0,,,P
5,2019-11-01,29.0,PR,123,24252,0,CODELL,176.0,183.0,247.0,,112.0,51.7,730.0,,,,730.0,1350.0,,,,,,
6,2019-10-01,17.0,PR,123,24252,0,CODELL,97.0,79.0,,,176.0,,332.0,,,,332.0,1350.0,,,,,,
7,2019-09-01,23.0,PR,123,24252,0,CODELL,140.0,69.0,112.0,,97.0,52.0,297.0,,,,297.0,1350.0,,,,,,
8,2019-08-01,26.0,PR,123,24252,0,CODELL,58.0,82.0,,,140.0,,403.0,,,,403.0,1350.0,,,,,,
9,2019-07-01,14.0,PR,123,24252,0,CODELL,124.0,60.0,126.0,,58.0,49.5,307.0,,,,307.0,1350.0,,,,,,
10,2019-06-01,19.0,PR,123,24252,0,CODELL,149.0,102.0,127.0,,124.0,50.4,299.0,,,,299.0,1350.0,,,,,,
11,2019-05-01,11.0,PR,123,24252,0,CODELL,78.0,71.0,,,149.0,,216.0,,,,216.0,1350.0,,,14.0,,,P
12,2019-04-01,22.0,PR,123,24252,0,CODELL,185.0,83.0,190.0,,78.0,50.9,335.0,,,,335.0,1350.0,,,,,,
13,2019-03-01,31.0,PR,123,24252,0,CODELL,58.0,232.0,105.0,,185.0,49.4,922.0,,,,922.0,1350.0,,,,,,
14,2019-02-01,28.0,PR,123,24252,0,CODELL,41.0,90.0,73.0,,58.0,46.6,656.0,,,,656.0,1350.0,,,,,,
15,2019-01-01,14.0,PR,123,24252,0,CODELL,97.0,14.0,70.0,,41.0,55.2,29.0,,,,29.0,1350.0,,,,,,
16,2018-12-01,31.0,PR,123,24252,0,CODELL,41.0,56.0,,,97.0,,595.0,,,,595.0,1350.0,,,,,,
17,2018-11-01,19.0,PR,123,24252,0,CODELL,32.0,9.0,,,41.0,,420.0,,,,420.0,1350.0,,,,,,
18,2018-10-01,2.0,PR,123,24252,0,CODELL,32.0,,,,32.0,,8.0,,,,8.0,1352.0,,,,,,
19,2018-09-01,0.0,SI,123,24252,0,CODELL,32.0,,,,32.0,,,,,,,,,,,,,
20,2018-08-01,0.0,SI,123,24252,0,CODELL,32.0,,,,32.0,,,,,,,,,,,,,
21,2018-07-01,1.0,PR,123,24252,0,CODELL,32.0,,,,32.0,,,,,,,,,,26.0,,,P
22,2018-06-01,1.0,PR,123,24252,0,CODELL,32.0,,,,32.0,,3.0,,,,3.0,1348.0,,,,,,
23,2018-05-01,0.0,SI,123,24252,0,CODELL,32.0,,,,32.0,,,,,,,,,,,,,
24,2018-04-01,0.0,SI,123,24252,0,CODELL,32.0,,,,32.0,,,,,,,,,,,,,
25,2018-03-01,0.0,SI,123,24252,0,CODELL,32.0,,,,32.0,,,,,,,,,,,,,
26,2018-02-01,0.0,SI,123,24252,0,CODELL,32.0,,,,32.0,,,,,,,,,,,,,
27,2018-01-01,0.0,SI,123,24252,0,CODELL,32.0,,,,32.0,,,,,,,,,,,,,P
28,2017-12-01,0.0,SI,123,24252,0,CODELL,32.0,,,,32.0,,,,,,,,,,,,,
29,2017-11-01,0.0,SI,123,24252,0,CODELL,32.0,,,,32.0,,,,,,,,,,,,,
30,2017-10-01,1.0,PR,123,24252,0,CODELL,89.0,1.0,58.0,,32.0,51.5,,,,,,,,,,,,
31,2017-09-01,0.0,SI,123,24252,0,CODELL,89.0,,,,89.0,,,,,,,,,,,,,
32,2017-08-01,1.0,PR,123,24252,0,CODELL,88.0,1.0,,,89.0,,18.0,,,,18.0,1350.0,,,,,,
33,2017-07-01,14.0,PR,123,24252,0,CODELL,51.0,37.0,,,88.0,,310.0,,,,310.0,1350.0,,,,,,
34,2017-06-01,24.0,PR,123,24252,0,CODELL,80.0,38.0,67.0,,51.0,49.9,229.0,,,,229.0,1350.0,,,,,,
35,2017-05-01,24.0,PR,123,24252,0,CODELL,25.0,87.0,32.0,,80.0,51.2,484.0,,,,484.0,1350.0,,,10.0,,,P
36,2017-04-01,30.0,PR,123,24252,0,CODELL,18.0,51.0,44.0,,25.0,51.9,458.0,,,,458.0,1350.0,,,,,,
37,2017-03-01,3.0,PR,123,24252,0,CODELL,13.0,5.0,,,18.0,,86.0,,,,86.0,1350.0,,,,,,
38,2017-02-01,1.0,PR,123,24252,0,CODELL,7.0,6.0,,,13.0,,132.0,,,,132.0,1350.0,,,,,,
39,2017-01-01,1.0,PR,123,24252,0,CODELL,,7.0,,,7.0,,158.0,,,,158.0,1350.0,,,,,,
40,2016-12-01,0.0,SI,123,24252,0,CODELL,43.0,,43.0,,,40.0,,,,,,,,,,,,
41,2016-11-01,0.0,SI,123,24252,0,CODELL,43.0,,,,43.0,,,,,,,,,,,,,
42,2016-10-01,0.0,SI,123,24252,0,CODELL,43.0,,,,43.0,,,,,,,,,,,,,
43,2016-09-01,0.0,SI,123,24252,0,CODELL,43.0,,,,43.0,,,,,,,,,,,,,
44,2016-08-01,1.0,PR,123,24252,0,CODELL,43.0,,,,43.0,,,,,,,,,,34.0,,,P
45,2016-07-01,0.0,SI,123,24252,0,CODELL,43.0,,,,43.0,,,,,,,,,,,,,
46,2016-06-01,0.0,SI,123,24252,0,CODELL,43.0,,,,43.0,,,,,,,,,,,,,
47,2016-05-01,0.0,SI,123,24252,0,CODELL,43.0,,,,43.0,,,,,,,,,,,,,
48,2016-04-01,0.0,SI,123,24252,0,CODELL,43.0,,,,43.0,,,,,,,,,,,,,
49,2016-03-01,0.0,SI,123,24252,0,CODELL,43.0,,,,43.0,,,,,,,,,,,,,
50,2016-02-01,0.0,SI,123,24252,0,CODELL,43.0,,,,43.0,,,,,,,,,,,,,
51,2016-01-01,0.0,SI,123,24252,0,CODELL,43.0,,,,43.0,,,,,,,,,,,,,
52,2015-12-01,1.0,PR,123,24252,0,CODELL,135.0,1.0,93.0,,43.0,49.9,,,,,,,,,,,,
53,2015-11-01,0.0,SI,123,24252,0,CODELL,144.0,,,-9.0,135.0,,,,,,,,,,,,,
54,2015-10-01,0.0,SI,123,24252,0,CODELL,144.0,,,,144.0,,,,,,,,,,,,,
55,2015-09-01,0.0,SI,123,24252,0,CODELL,144.0,,,,144.0,,,,,,,,,,,,,
56,2015-08-01,0.0,SI,123,24252,0,CODELL,144.0,,,,144.0,,,,,,,,,,,,,
57,2015-07-01,,SI,123,24252,0,CODELL,144.0,,,,144.0,,,,,,,,,,,,,
58,2015-06-01,0.0,SI,123,24252,0,CODELL,144.0,,,,144.0,,,,,,,,,,,,,
59,2015-05-01,0.0,SI,123,24252,0,CODELL,144.0,,,,144.0,,,,,,,,,,,,,
60,2015-04-01,,SI,123,24252,0,CODELL,144.0,,,,144.0,,,,,,,,,,,,,
61,2015-03-01,,SI,123,24252,0,CODELL,144.0,,,,144.0,,,,,,,,,,,,,
62,2015-02-01,,SI,123,24252,0,CODELL,144.0,,,,144.0,,,,,,,,,,,,,
63,2015-01-01,1.0,PR,123,24252,0,CODELL,144.0,,,,144.0,,31.0,,,,31.0,1285.0,,,,,,
64,2014-12-01,6.0,PR,123,24252,0,CODELL,144.0,,,,144.0,,,,,,,,,,,,,
65,2014-11-01,,SI,123,24252,0,CODELL,144.0,,,,144.0,,,,,,,,,,,,,
66,2014-10-01,1.0,PR,123,24252,0,CODELL,144.0,,,,144.0,,,,,,,,,,120.0,,,P
67,2014-09-01,,SI,123,24252,0,CODELL,144.0,,,,144.0,,,,,,,,,,,,,
68,2014-08-01,,SI,123,24252,0,CODELL,144.0,,,,144.0,,,,,,,,,,,,,
69,2014-07-01,19.0,PR,123,24252,0,CODELL,144.0,,,,144.0,,,,,,,,,,,,,
70,2014-06-01,30.0,PR,123,24252,0,CODELL,122.0,22.0,,,144.0,,137.0,,,,137.0,1285.0,,,,,,
71,2014-05-01,31.0,PR,123,24252,0,CODELL,66.0,56.0,,,122.0,,271.0,,,,271.0,1285.0,,,,,,
72,2014-04-01,30.0,PR,123,24252,0,CODELL,208.0,44.0,186.0,,66.0,53.0,277.0,,,,277.0,1285.0,,,,,,
73,2014-03-01,31.0,PR,123,24252,0,CODELL,144.0,64.0,,,208.0,,303.0,,,,303.0,1294.0,,,,,,
74,2014-02-01,28.0,PR,123,24252,0,CODELL,107.0,37.0,,,144.0,,274.0,,,,274.0,1294.0,,,,,,
75,2014-01-01,31.0,PR,123,24252,0,CODELL,210.0,78.0,181.0,,107.0,46.2,276.0,,,,276.0,1294.0,,,,,,
76,2013-12-01,31.0,PR,123,24252,0,CODELL,144.0,66.0,,,210.0,,310.0,,,,310.0,1294.0,,,3.0,,,P
77,2013-11-01,30.0,PR,123,24252,0,CODELL,138.0,6.0,,,144.0,,172.0,,,,172.0,1294.0,,,,,,
78,2013-10-01,31.0,PR,123,24252,0,CODELL,102.0,36.0,,,138.0,,324.0,,,,324.0,1294.0,,,,,,
79,2013-09-01,9.0,PR,123,24252,0,CODELL,97.0,5.0,,,102.0,,238.0,,,,238.0,1294.0,,,,,,
80,2013-08-01,13.0,PR,123,24252,0,CODELL,97.0,,,,97.0,,,,,,,,,,,,,
81,2013-07-01,31.0,PR,123,24252,0,CODELL,97.0,,,,97.0,,,,,,,,,,,,,
82,2013-06-01,29.0,PR,123,24252,0,CODELL,72.0,25.0,,,97.0,,214.0,,,,214.0,1294.0,,,,,,
83,2013-05-01,29.0,PR,123,24252,0,CODELL,217.0,55.0,200.0,,72.0,52.3,330.0,,,,330.0,1294.0,,,,,,
84,2013-04-01,30.0,PR,123,24252,0,CODELL,153.0,64.0,,,217.0,,345.0,,,,345.0,1294.0,,,,,,
85,2013-03-01,31.0,PR,123,24252,0,CODELL,86.0,67.0,,,153.0,,380.0,,,,380.0,1294.0,,,,,,
86,2013-02-01,28.0,PR,123,24252,0,CODELL,213.0,72.0,199.0,,86.0,52.2,317.0,,,,317.0,1294.0,,,,,,
87,2013-01-01,31.0,PR,123,24252,0,CODELL,122.0,91.0,,,213.0,,405.0,,,,405.0,1294.0,,,,,,
88,2012-12-01,24.0,PR,123,24252,0,CODELL,226.0,66.0,170.0,,122.0,54.6,359.0,,,,359.0,1294.0,,,,,,
89,2012-11-01,30.0,PR,123,24252,0,CODELL,164.0,62.0,,,226.0,,321.0,,,,321.0,1294.0,,,,,,
90,2012-10-01,28.0,PR,123,24252,0,CODELL,95.0,69.0,,,164.0,,370.0,,,,370.0,1294.0,,,92.0,,,P
91,2012-09-01,5.0,PR,123,24252,0,CODELL,69.0,26.0,,,95.0,,252.0,,,,252.0,1294.0,,,,,,
92,2012-08-01,31.0,PR,123,24252,0,CODELL,44.0,25.0,,,69.0,,465.0,,,,465.0,1294.0,,,,,,
93,2012-07-01,14.0,PR,123,24252,0,CODELL,204.0,,157.0,-3.0,44.0,54.8,21.0,,,,21.0,1294.0,,,,,,
94,2012-06-01,7.0,PR,123,24252,0,CODELL,204.0,,,,204.0,,51.0,,,,51.0,1294.0,,,,,,
95,2012-05-01,1.0,PR,123,24252,0,CODELL,204.0,,,,204.0,,10.0,,,,10.0,1294.0,,,,,,
96,2012-04-01,3.0,PR,123,24252,0,CODELL,201.0,3.0,,,204.0,,51.0,,,,51.0,1294.0,,,,,,
97,2012-03-01,31.0,PR,123,24252,0,CODELL,142.0,59.0,,,201.0,,455.0,,,,455.0,1294.0,,,,,,
98,2012-02-01,29.0,PR,123,24252,0,CODELL,83.0,59.0,,,142.0,,439.0,,,,439.0,1294.0,,,,,,
99,2011-12-01,28.0,PR,123,24252,0,CODELL,152.0,57.0,,,209.0,,459.0,,,,459.0,1294.0,,,,,,
100,2011-11-01,30.0,PR,123,24252,0,CODELL,94.0,58.0,,,152.0,,480.0,,,,480.0,1294.0,,,,,,
101,2011-10-01,28.0,PR,123,24252,0,CODELL,211.0,49.0,166.0,,94.0,55.0,460.0,,,,460.0,1294.0,,,,,,
102,2011-09-01,30.0,PR,123,24252,0,CODELL,154.0,57.0,,,211.0,,484.0,,,,484.0,1294.0,,,,,,
103,2011-08-01,31.0,PR,123,24252,0,CODELL,98.0,56.0,,,154.0,,500.0,,,,500.0,1331.0,,,,,,
104,2011-07-01,31.0,PR,123,24252,0,CODELL,244.0,47.0,193.0,,98.0,52.5,515.0,,,,515.0,1331.0,,,47.0,,,P
105,2011-06-01,30.0,PR,123,24252,0,CODELL,199.0,46.0,,-1.0,244.0,,482.0,,,,482.0,1331.0,,,,,,
106,2011-05-01,31.0,PR,123,24252,0,CODELL,146.0,52.0,,1.0,199.0,,486.0,,,,486.0,1331.0,,,,,,
107,2011-04-01,28.0,PR,123,24252,0,CODELL,80.0,66.0,,,146.0,,531.0,,,,531.0,1331.0,,,,,,
108,2011-03-01,31.0,PR,123,24252,0,CODELL,199.0,78.0,196.0,-1.0,80.0,57.7,584.0,,,,584.0,1331.0,,,,,,
109,2011-02-01,22.0,PR,123,24252,0,CODELL,144.0,55.0,,,199.0,,472.0,,,,472.0,1331.0,,,,,,
110,2011-01-01,31.0,PR,123,24252,0,CODELL,66.0,77.0,,1.0,144.0,,584.0,,,,584.0,1331.0,,,,,,
111,2010-12-01,31.0,PR,123,24252,0,CODELL,184.0,80.0,197.0,-1.0,66.0,53.9,604.0,,,,604.0,1331.0,,,,,,
112,2010-11-01,30.0,PR,123,24252,0,CODELL,104.0,79.0,,1.0,184.0,,615.0,,,,615.0,1331.0,,,,,,
113,2010-10-01,31.0,PR,123,24252,0,CODELL,204.0,75.0,175.0,,104.0,52.8,640.0,,,,640.0,1331.0,,,50.0,,,P
114,2010-09-01,30.0,PR,123,24252,0,CODELL,105.0,99.0,,,204.0,,693.0,,,,693.0,1332.0,,,,,,
115,2010-08-01,31.0,PR,123,24252,0,CODELL,202.0,94.0,191.0,,105.0,52.0,722.0,,,,722.0,1331.0,,,,,,
116,2010-06-01,28.0,PR,123,24252,0,CODELL,197.0,91.0,175.0,,113.0,51.0,662.0,,,,662.0,1331.0,,,,,,
117,2010-05-01,31.0,PR,123,24252,0,CODELL,89.0,108.0,,,197.0,,788.0,,,,788.0,1331.0,,,,,,
118,2010-04-01,30.0,PR,123,24252,0,CODELL,159.0,109.0,179.0,,89.0,54.0,768.0,,,,768.0,1332.0,,,,,,
119,2010-03-01,31.0,PR,123,24252,0,CODELL,232.0,119.0,192.0,,159.0,57.0,785.0,,,,785.0,1331.0,,,,,,
120,2010-02-01,28.0,PR,123,24252,0,CODELL,135.0,98.0,,,233.0,,690.0,,,,690.0,1332.0,,,,,,
121,2010-01-01,31.0,PR,123,24252,0,CODELL,192.0,125.0,182.0,,135.0,44.8,815.0,,,,815.0,1308.0,,,,,,
122,2009-12-01,31.0,PR,123,24252,0,CODELL,73.0,119.0,,,192.0,,823.0,,,,823.0,1309.0,,,,,,
123,2009-11-01,30.0,PR,123,24252,0,CODELL,113.0,129.0,169.0,,73.0,53.1,826.0,,,,826.0,1308.0,,,,,,
124,2009-10-01,31.0,PR,123,24252,0,CODELL,175.0,135.0,197.0,,113.0,51.0,868.0,,,,868.0,1309.0,,,,,,
125,2009-09-01,30.0,PR,123,24252,0,CODELL,225.0,142.0,188.0,-4.0,175.0,52.6,845.0,,,,845.0,1314.0,,,,,,
126,2009-08-01,31.0,PR,123,24252,0,CODELL,76.0,149.0,,,225.0,,865.0,,,,865.0,1417.0,,,,,,
127,2009-07-01,31.0,PR,123,24252,0,CODELL,108.0,149.0,181.0,,76.0,50.1,918.0,,,,918.0,1386.0,,,,,,
128,2009-06-01,30.0,PR,123,24252,0,CODELL,146.0,138.0,176.0,,108.0,51.2,761.0,,,,761.0,1386.0,,,,,,
129,2009-05-01,31.0,PR,123,24252,0,CODELL,192.0,152.0,198.0,,146.0,51.8,867.0,,,,867.0,1385.0,,,,,,
130,2009-04-01,30.0,PR,123,24252,0,CODELL,223.0,160.0,191.0,,192.0,54.1,842.0,,,,842.0,1385.0,,,,,,
131,2009-03-01,31.0,PR,123,24252,0,CODELL,216.0,201.0,194.0,,223.0,51.0,993.0,,,,993.0,1385.0,,,40.0,,,P
132,2009-02-01,25.0,PR,123,24252,0,CODELL,63.0,153.0,,,216.0,,828.0,,,,828.0,1385.0,,,,,,
133,2009-01-01,31.0,PR,123,24252,0,CODELL,208.0,212.0,357.0,,63.0,52.4,1051.0,,,,1051.0,1385.0,,,,,,
134,2008-12-01,25.0,PR,123,24252,0,CODELL,221.0,179.0,192.0,,208.0,52.0,879.0,,,,879.0,1386.0,,,,,,
135,2008-11-01,30.0,PR,123,24252,0,CODELL,207.0,207.0,193.0,,221.0,51.8,1065.0,,,,1065.0,1387.0,,,,,,
136,2008-10-01,31.0,PR,123,24252,0,CODELL,169.0,230.0,192.0,,207.0,52.7,1131.0,,,,1131.0,1385.0,,,,,,
137,2008-09-01,30.0,PR,123,24252,0,CODELL,116.0,235.0,182.0,,169.0,50.9,1111.0,,,,1111.0,1386.0,,,45.0,,,P
138,2008-08-01,31.0,PR,123,24252,0,CODELL,108.0,231.0,223.0,,116.0,50.9,1189.0,,,,1189.0,1387.0,,,,,,
139,2008-07-01,28.0,PR,123,24252,0,CODELL,252.0,242.0,386.0,,108.0,51.2,1265.0,,,,1265.0,1386.0,,,85.0,,,P
140,2008-06-01,30.0,PR,123,24252,0,CODELL,193.0,250.0,191.0,,252.0,49.8,1552.0,,,,1552.0,1386.0,,,,,,
141,2008-05-01,30.0,PR,123,24252,0,CODELL,95.0,297.0,199.0,,193.0,52.4,1817.0,,,,1817.0,1386.0,,,50.0,,,P
142,2008-04-01,30.0,PR,123,24252,0,CODELL,153.0,330.0,387.0,-1.0,95.0,53.5,2280.0,,,,2280.0,1386.0,,,,,,
143,2008-03-01,31.0,PR,123,24252,0,CODELL,95.0,456.0,397.0,-1.0,153.0,54.3,3268.0,,,,3268.0,1386.0,,,60.0,,,P
144,2008-02-01,26.0,PR,123,24252,0,CODELL,206.0,478.0,589.0,,95.0,55.1,2619.0,,,,2619.0,1386.0,,,,,,
145,2008-01-01,26.0,PR,123,24252,0,CODELL,142.0,644.0,577.0,-3.0,206.0,54.4,3223.0,,,,3223.0,1478.0,,,55.0,,,P
146,2007-12-01,23.0,PR,123,24252,0,CODELL,196.0,583.0,637.0,,142.0,51.0,1197.0,,,,1197.0,1478.0,,,180.0,,,P
147,2007-11-01,17.0,PR,123,24252,0,CODELL,,196.0,,,196.0,,175.0,,,,175.0,1472.0,,,,,,
148,2007-10-01,,WO,123,24252,0,CODELL,,,,,,,,,,,,,,,,,,
149,2007-09-01,,WO,123,24252,0,CODELL,,,,,,,,,,,,,,,,,,
