,First of Month,Days Produced,Well Status,API County,API Sequence,API Sidetrack,Formation,BOM Inventory,Oil Produced,Oil Sold,Oil Adjustment,EOM Inventory,Oil Gravity,Gas Produced,Gas Flared,Gas Used,Gas Shrinkage,Gas Sold,Gas BTU,Gas Tubing Pressure,Gas Casing Pressure,Water Volume,Water Tubing Pressure,Water Casing Pressure,Water Disp Code
0,2018-07-01,0.0,PA,123,24045,0,NIOBRARA-CODELL,,,,,,,,,,,,,,,,,,
1,2018-06-01,0.0,SI,123,24045,0,NIOBRARA-CODELL,,,,,,,,,,,,,,,,,,
2,2018-05-01,0.0,SI,123,24045,0,NIOBRARA-CODELL,,,,,,,,,,,,,,,,,,
3,2018-04-01,0.0,SI,123,24045,0,NIOBRARA-CODELL,,,,,,,,,,,,,,,,,,
4,2018-03-01,0.0,SI,123,24045,0,NIOBRARA-CODELL,,,,,,,,,,,,,,,,,,
5,2018-02-01,0.0,SI,123,24045,0,NIOBRARA-CODELL,,,,,,,,,,,,,,,,,,
6,2018-01-01,0.0,SI,123,24045,0,NIOBRARA-CODELL,,,,,,,,,,,,,,,,,,
7,2017-12-01,0.0,SI,123,24045,0,NIOBRARA-CODELL,7.0,,,-7.0,,,,,,,,,,,,,,
8,2017-11-01,0.0,SI,123,24045,0,NIOBRARA-CODELL,7.0,,,,7.0,,,,,,,,,,,,,
9,2017-10-01,0.0,SI,123,24045,0,NIOBRARA-CODELL,7.0,,,,7.0,,,,,,,,,,,,,
10,2017-09-01,0.0,SI,123,24045,0,NIOBRARA-CODELL,7.0,,,,7.0,,,,,,,,,,,,,
11,2017-08-01,0.0,SI,123,24045,0,NIOBRARA-CODELL,7.0,,,,7.0,,,,,,,,,,,,,
12,2017-07-01,0.0,SI,123,24045,0,NIOBRARA-CODELL,7.0,,,,7.0,,,,,,,,,,,,,
13,2017-06-01,0.0,SI,123,24045,0,NIOBRARA-CODELL,7.0,,,,7.0,,,,,,,,,,,,,
14,2017-05-01,0.0,SI,123,24045,0,NIOBRARA-CODELL,7.0,,,,7.0,,,,,,,,,,,,,
15,2017-04-01,0.0,SI,123,24045,0,NIOBRARA-CODELL,7.0,,,,7.0,,,,,,,,,,,,,
16,2017-03-01,0.0,SI,123,24045,0,NIOBRARA-CODELL,16.0,,,-9.0,7.0,,,,,,,,,,,,,
17,2017-02-01,0.0,SI,123,24045,0,NIOBRARA-CODELL,16.0,,,,16.0,,,,,,,,,,,,,
18,2017-01-01,0.0,SI,123,24045,0,NIOBRARA-CODELL,16.0,,,,16.0,,,,,,,,,,,,,
19,2016-12-01,0.0,SI,123,24045,0,NIOBRARA-CODELL,16.0,,,,16.0,,,,,,,,,,,,,
20,2016-11-01,0.0,SI,123,24045,0,NIOBRARA-CODELL,16.0,,,,16.0,,,,,,,,,,,,,
21,2016-10-01,0.0,SI,123,24045,0,NIOBRARA-CODELL,16.0,,,,16.0,,,,,,,,,,,,,
22,2016-09-01,0.0,SI,123,24045,0,NIOBRARA-CODELL,16.0,,,,16.0,,,,,,,,,,,,,
23,2016-08-01,0.0,SI,123,24045,0,NIOBRARA-CODELL,16.0,,,,16.0,,,,,,,,,,,,,
24,2016-07-01,0.0,SI,123,24045,0,NIOBRARA-CODELL,16.0,,,,16.0,,,,,,,,,,,,,
25,2016-06-01,0.0,SI,123,24045,0,NIOBRARA-CODELL,16.0,,,,16.0,,,,,,,,,,,,,
26,2016-05-01,0.0,SI,123,24045,0,NIOBRARA-CODELL,16.0,,,,16.0,,,,,,,,,,,,,
27,2016-04-01,1.0,PR,123,24045,0,NIOBRARA-CODELL,44.0,5.0,33.0,,16.0,46.1,,,,,,,,,,,,
28,2016-03-01,0.0,SI,123,24045,0,NIOBRARA-CODELL,44.0,,,,44.0,,,,,,,,,,,,,
29,2016-02-01,0.0,SI,123,24045,0,NIOBRARA-CODELL,44.0,,,,44.0,,,,,,,,,,,,,
30,2016-01-01,0.0,SI,123,24045,0,NIOBRARA-CODELL,44.0,,,,44.0,,,,,,,,,,,,,
31,2015-12-01,1.0,PR,123,24045,0,NIOBRARA-CODELL,44.0,,,,44.0,,,,,,,,,,,,,
32,2015-11-01,0.0,SI,123,24045,0,NIOBRARA-CODELL,44.0,,,,44.0,,,,,,,,,,,,,
33,2015-10-01,0.0,SI,123,24045,0,NIOBRARA-CODELL,44.0,,,,44.0,,,,,,,,,,,,,
34,2015-09-01,0.0,SI,123,24045,0,NIOBRARA-CODELL,44.0,,,,44.0,,,,,,,,,,,,,
35,2015-08-01,0.0,SI,123,24045,0,NIOBRARA-CODELL,44.0,,,,44.0,,,,,,,,,,,,,
36,2015-07-01,,SI,123,24045,0,NIOBRARA-CODELL,44.0,,,,44.0,,,,,,,,,,,,,
37,2015-06-01,0.0,SI,123,24045,0,NIOBRARA-CODELL,44.0,,,,44.0,,,,,,,,,,,,,
38,2015-05-01,0.0,SI,123,24045,0,NIOBRARA-CODELL,44.0,,,,44.0,,,,,,,,,,,,,
39,2015-04-01,,SI,123,24045,0,NIOBRARA-CODELL,44.0,,,,44.0,,,,,,,,,,,,,
40,2015-03-01,,SI,123,24045,0,NIOBRARA-CODELL,44.0,,,,44.0,,,,,,,,,,,,,
41,2015-02-01,6.0,PR,123,24045,0,NIOBRARA-CODELL,44.0,,,,44.0,,,,,,,,,,15.0,,,P
42,2015-01-01,8.0,PR,123,24045,0,NIOBRARA-CODELL,35.0,9.0,,,44.0,,407.0,,,,407.0,1293.0,,,,,,
43,2014-12-01,28.0,PR,123,24045,0,NIOBRARA-CODELL,24.0,53.0,42.0,,35.0,61.8,487.0,,,,487.0,1293.0,,,7.0,,,P
44,2014-11-01,18.0,PR,123,24045,0,NIOBRARA-CODELL,26.0,41.0,43.0,,24.0,52.0,300.0,,,,300.0,1293.0,,,,,,
45,2014-10-01,31.0,PR,123,24045,0,NIOBRARA-CODELL,56.0,113.0,143.0,,26.0,50.5,765.0,,,,765.0,1293.0,,,,,,
46,2014-09-01,30.0,PR,123,24045,0,NIOBRARA-CODELL,62.0,89.0,95.0,,56.0,50.7,521.0,,,,521.0,1293.0,,,21.0,,,P
47,2014-08-01,31.0,PR,123,24045,0,NIOBRARA-CODELL,30.0,126.0,94.0,,62.0,50.3,748.0,,,,748.0,1293.0,,,15.0,,,P
48,2014-07-01,17.0,PR,123,24045,0,NIOBRARA-CODELL,26.0,51.0,47.0,,30.0,51.0,517.0,,,,517.0,1293.0,,,,,,
49,2014-06-01,21.0,PR,123,24045,0,NIOBRARA-CODELL,29.0,46.0,49.0,,26.0,52.0,471.0,,,,471.0,1293.0,,,,,,
50,2014-05-01,26.0,PR,123,24045,0,NIOBRARA-CODELL,55.0,69.0,95.0,,29.0,51.2,516.0,,,,516.0,1293.0,,,,,,
51,2014-04-01,30.0,PR,123,24045,0,NIOBRARA-CODELL,59.0,87.0,91.0,,55.0,52.7,662.0,,,,662.0,1292.0,,,,,,
52,2014-03-01,25.0,PR,123,24045,0,NIOBRARA-CODELL,,90.0,31.0,,59.0,52.4,581.0,,,,581.0,1292.0,,,,,,
53,2014-02-01,1.0,PR,123,24045,0,NIOBRARA-CODELL,44.0,,44.0,,,57.2,,,,,,,,,,,,
54,2014-01-01,30.0,PR,123,24045,0,NIOBRARA-CODELL,84.0,117.0,157.0,,44.0,52.1,734.0,,,,734.0,1292.0,,,,,,
55,2013-12-01,31.0,PR,123,24045,0,NIOBRARA-CODELL,30.0,159.0,105.0,,84.0,51.8,868.0,,,,868.0,1292.0,,,,,,
56,2013-11-01,30.0,PR,123,24045,0,NIOBRARA-CODELL,44.0,141.0,155.0,,30.0,51.9,747.0,,,,747.0,1292.0,,,,,,
57,2013-10-01,31.0,PR,123,24045,0,NIOBRARA-CODELL,58.0,139.0,153.0,,44.0,51.9,796.0,,,,796.0,1292.0,,,,,,
58,2013-09-01,27.0,PR,123,24045,0,NIOBRARA-CODELL,51.0,113.0,106.0,,58.0,51.2,699.0,,,,699.0,1292.0,,,,,,
59,2013-08-01,29.0,PR,123,24045,0,NIOBRARA-CODELL,73.0,126.0,148.0,,51.0,49.4,855.0,,,,855.0,1292.0,,,,,,
60,2013-07-01,31.0,PR,123,24045,0,NIOBRARA-CODELL,73.0,108.0,108.0,,73.0,50.4,815.0,,,,815.0,1292.0,,,,,,
61,2013-06-01,30.0,PR,123,24045,0,NIOBRARA-CODELL,23.0,102.0,52.0,,73.0,50.4,803.0,,,,803.0,1292.0,,,,,,
62,2013-05-01,31.0,PR,123,24045,0,NIOBRARA-CODELL,70.0,110.0,157.0,,23.0,51.3,842.0,,,,842.0,1292.0,,,,,,
63,2013-04-01,30.0,PR,123,24045,0,NIOBRARA-CODELL,56.0,111.0,97.0,,70.0,52.2,737.0,,,,737.0,1292.0,,,,,,
64,2013-03-01,31.0,PR,123,24045,0,NIOBRARA-CODELL,75.0,132.0,151.0,,56.0,51.7,773.0,,,,773.0,1292.0,,,,,,
65,2013-02-01,27.0,PR,123,24045,0,NIOBRARA-CODELL,102.0,122.0,149.0,,75.0,53.0,692.0,,,,692.0,1292.0,,,,,,
66,2013-01-01,23.0,PR,123,24045,0,NIOBRARA-CODELL,47.0,100.0,45.0,,102.0,54.5,618.0,,,,618.0,1292.0,,,,,,
67,2012-12-01,31.0,PR,123,24045,0,NIOBRARA-CODELL,101.0,153.0,207.0,,47.0,52.0,827.0,,,,827.0,1252.0,,,,,,
68,2012-11-01,30.0,PR,123,24045,0,NIOBRARA-CODELL,70.0,141.0,110.0,,101.0,51.4,811.0,,,,811.0,1252.0,,,,,,
69,2012-10-01,31.0,PR,123,24045,0,NIOBRARA-CODELL,75.0,151.0,156.0,,70.0,50.0,871.0,,,,871.0,1252.0,,,,,,
70,2012-09-01,30.0,PR,123,24045,0,NIOBRARA-CODELL,38.0,135.0,98.0,,75.0,50.0,844.0,,,,844.0,1252.0,,,,,,
71,2012-08-01,31.0,PR,123,24045,0,NIOBRARA-CODELL,56.0,136.0,154.0,,38.0,49.0,841.0,,,,841.0,1252.0,,,,,,
72,2012-07-01,31.0,PR,123,24045,0,NIOBRARA-CODELL,83.0,142.0,169.0,,56.0,49.6,859.0,,,,859.0,1252.0,,,,,,
73,2012-06-01,30.0,PR,123,24045,0,NIOBRARA-CODELL,53.0,156.0,126.0,,83.0,50.1,961.0,,,,961.0,1252.0,,,,,,
74,2012-05-01,31.0,PR,123,24045,0,NIOBRARA-CODELL,52.0,180.0,179.0,,53.0,50.1,987.0,,,,987.0,1252.0,,,,,,
75,2012-04-01,30.0,PR,123,24045,0,NIOBRARA-CODELL,22.0,145.0,115.0,,52.0,51.4,867.0,,,,867.0,1252.0,,,,,,
76,2012-03-01,31.0,PR,123,24045,0,NIOBRARA-CODELL,23.0,174.0,175.0,,22.0,51.5,1043.0,,,,1043.0,1252.0,,,,,,
77,2012-02-01,29.0,PR,123,24045,0,NIOBRARA-CODELL,53.0,188.0,218.0,,23.0,51.8,1042.0,,,,1042.0,1252.0,,,,,,
78,2011-12-01,31.0,PR,123,24045,0,NIOBRARA-CODELL,61.0,178.0,186.0,,53.0,48.0,894.0,,,,894.0,1282.0,,,4.0,,,P
79,2011-11-01,30.0,PR,123,24045,0,NIOBRARA-CODELL,40.0,156.0,135.0,,61.0,50.4,775.0,,,,775.0,1282.0,,,,,,
80,2011-10-01,31.0,PR,123,24045,0,NIOBRARA-CODELL,46.0,178.0,184.0,,40.0,50.8,827.0,,,,827.0,1282.0,,,,,,
81,2011-09-01,30.0,PR,123,24045,0,NIOBRARA-CODELL,45.0,145.0,144.0,,46.0,48.7,707.0,,,,707.0,1282.0,,,,,,
82,2011-08-01,31.0,PR,123,24045,0,NIOBRARA-CODELL,63.0,162.0,179.0,-1.0,45.0,48.6,742.0,,,,742.0,1282.0,,,,,,
83,2011-07-01,31.0,PR,123,24045,0,NIOBRARA-CODELL,86.0,163.0,186.0,,63.0,48.7,702.0,,,,702.0,1282.0,,,,,,
84,2011-06-01,30.0,PR,123,24045,0,NIOBRARA-CODELL,48.0,148.0,110.0,,86.0,48.9,602.0,,,,602.0,1282.0,,,,,,
85,2011-05-01,23.0,PR,123,24045,0,NIOBRARA-CODELL,27.0,95.0,75.0,1.0,48.0,50.4,419.0,,,,419.0,1282.0,,,10.0,,,P
86,2011-04-01,17.0,PR,123,24045,0,NIOBRARA-CODELL,74.0,83.0,131.0,1.0,27.0,50.0,407.0,,,,407.0,1282.0,,,,,,
87,2011-03-01,31.0,PR,123,24045,0,NIOBRARA-CODELL,56.0,255.0,236.0,-1.0,74.0,50.5,1062.0,,,,1062.0,1282.0,,,,,,
88,2011-02-01,18.0,PR,123,24045,0,NIOBRARA-CODELL,32.0,190.0,166.0,,56.0,51.0,904.0,,,,904.0,1282.0,,,,,,
89,2011-01-01,12.0,PR,123,24045,0,NIOBRARA-CODELL,32.0,59.0,59.0,,32.0,50.5,241.0,,,,241.0,1282.0,,,,,,
90,2010-12-01,7.0,PR,123,24045,0,NIOBRARA-CODELL,54.0,157.0,164.0,,47.0,52.5,626.0,,,,626.0,1226.0,,,14.0,,,P
91,2010-11-01,30.0,PR,123,24045,0,NIOBRARA-CODELL,49.0,179.0,173.0,,55.0,50.2,802.0,,,,802.0,1282.0,,,,,,
92,2010-10-01,26.0,PR,123,24045,0,NIOBRARA-CODELL,28.0,164.0,142.0,-1.0,49.0,49.7,796.0,,,,796.0,1282.0,,,,,,
93,2010-09-01,30.0,PR,123,24045,0,NIOBRARA-CODELL,61.0,209.0,242.0,,28.0,48.0,928.0,,,,928.0,1281.0,,,,,,
94,2010-08-01,24.0,PR,123,24045,0,NIOBRARA-CODELL,48.0,160.0,147.0,,61.0,51.0,785.0,,,,785.0,1283.0,,,,,,
95,2010-06-01,30.0,PR,123,24045,0,NIOBRARA-CODELL,90.0,256.0,274.0,,72.0,49.0,1182.0,,,,1182.0,1303.0,,,,,,
96,2010-05-01,31.0,PR,123,24045,0,NIOBRARA-CODELL,44.0,46.0,,,90.0,,1384.0,,,,1384.0,1303.0,,,,,,
97,2010-04-01,29.0,PR,123,24045,0,NIOBRARA-CODELL,45.0,141.0,142.0,,44.0,50.0,750.0,,,,750.0,1304.0,,,,,,
98,2010-03-01,24.0,PR,123,24045,0,NIOBRARA-CODELL,42.0,276.0,273.0,,45.0,52.0,1253.0,,,,1253.0,1303.0,,,,,,
99,2010-02-01,22.0,PR,123,24045,0,NIOBRARA-CODELL,53.0,267.0,278.0,,42.0,52.1,1270.0,,,,1270.0,1303.0,,,,,,
100,2010-01-01,26.0,PR,123,24045,0,NIOBRARA-CODELL,72.0,251.0,270.0,,53.0,52.8,1182.0,,,,1182.0,1303.0,,,,,,
101,2009-12-01,31.0,PR,123,24045,0,NIOBRARA-CODELL,60.0,330.0,318.0,,72.0,52.9,1626.0,,,,1626.0,1303.0,,,,,,
102,2009-11-01,30.0,PR,123,24045,0,NIOBRARA-CODELL,76.0,350.0,366.0,,60.0,52.1,1718.0,,,,1718.0,1303.0,,,17.0,,,P
103,2009-10-01,30.0,PR,123,24045,0,NIOBRARA-CODELL,81.0,376.0,381.0,,76.0,51.0,2034.0,,,,2034.0,1303.0,,,,,,
104,2009-09-01,29.0,PR,123,24045,0,NIOBRARA-CODELL,50.0,470.0,439.0,,81.0,50.3,2585.0,,,,2585.0,1303.0,,,18.0,,,P
105,2009-08-01,31.0,PR,123,24045,0,NIOBRARA-CODELL,59.0,360.0,369.0,,50.0,49.2,2133.0,,,,2133.0,1303.0,,,,,,
106,2009-07-01,31.0,PR,123,24045,0,NIOBRARA-CODELL,43.0,335.0,319.0,,59.0,49.1,2143.0,,,,2143.0,1273.0,,,11.0,,,P
107,2009-06-01,30.0,PR,123,24045,0,NIOBRARA-CODELL,19.0,339.0,315.0,,43.0,50.3,2595.0,,,,2595.0,1224.0,,,12.0,,,P
108,2009-05-01,31.0,PR,123,24045,0,NIOBRARA-CODELL,109.0,569.0,659.0,,19.0,51.7,4513.0,,,,4513.0,1224.0,,,,,,
109,2009-04-01,23.0,PR,123,24045,0,NIOBRARA-CODELL,64.0,476.0,431.0,,109.0,53.2,3763.0,,,,3763.0,1224.0,,,9.0,,,P
110,2009-03-01,25.0,PR,123,24045,0,NIOBRARA-CODELL,66.0,557.0,559.0,,64.0,51.8,4546.0,,,,4546.0,1224.0,,,53.0,,,P
111,2009-02-01,28.0,PR,123,24045,0,NIOBRARA-CODELL,24.0,582.0,540.0,,66.0,51.5,4514.0,,,,4514.0,1224.0,,,36.0,,,P
112,2009-01-01,26.0,PR,123,24045,0,NIOBRARA-CODELL,47.0,767.0,790.0,,24.0,50.4,2955.0,,,,2955.0,1224.0,,,9.0,,,P
113,2008-11-01,24.0,PR,123,24045,0,NIOBRARA-CODELL,118.0,668.0,732.0,,54.0,50.6,2878.0,,,,2878.0,1225.0,,,16.0,,,P
114,2008-10-01,30.0,PR,123,24045,0,NIOBRARA-CODELL,65.0,738.0,685.0,,118.0,49.1,2481.0,,,,2481.0,1225.0,,,13.0,,,P
115,2008-09-01,30.0,PR,123,24045,0,NIOBRARA-CODELL,73.0,1011.0,1019.0,,65.0,48.0,2884.0,,,,2884.0,1225.0,,,50.0,,,P
116,2008-08-01,30.0,PR,123,24045,0,NIOBRARA-CODELL,22.0,1320.0,1269.0,,73.0,47.4,2454.0,,,,2454.0,1225.0,,,173.0,,,P
117,2008-07-01,2.0,PR,123,24045,0,NIOBRARA-CODELL,,199.0,177.0,,22.0,47.6,355.0,,,,355.0,1226.0,,,210.0,,,P
118,2008-06-01,,WO,123,24045,0,NIOBRARA-CODELL,,,,,,,,,,,,,,,,,,
