,First of Month,Days Produced,Well Status,API County,API Sequence,API Sidetrack,Formation,BOM Inventory,Oil Produced,Oil Sold,Oil Adjustment,EOM Inventory,Oil Gravity,Gas Produced,Gas Flared,Gas Used,Gas Shrinkage,Gas Sold,Gas BTU,Gas Tubing Pressure,Gas Casing Pressure,Water Volume,Water Tubing Pressure,Water Casing Pressure,Water Disp Code
0,2019-10-01,0.0,PA,123,25420,0,NIOBRARA-CODELL,,,,,,,,,,,,,,,,,,
1,2019-09-01,0.0,PA,123,25420,0,NIOBRARA-CODELL,,,,,,,,,,,,,,,,,,
2,2019-08-01,0.0,SI,123,25420,0,NIOBRARA-CODELL,,,,,,,,,,,,,,,,,,
3,2019-07-01,0.0,SI,123,25420,0,NIOBRARA-CODELL,,,,,,,,,,,,,,,,,,
4,2019-06-01,0.0,SI,123,25420,0,NIOBRARA-CODELL,,,,,,,,,,,,,,,,,,
5,2019-05-01,0.0,SI,123,25420,0,NIOBRARA-CODELL,1.0,,,-1.0,,,,,,,,,,,,,,
6,2019-04-01,0.0,SI,123,25420,0,NIOBRARA-CODELL,1.0,,,,1.0,,,,,,,,,,,,,
7,2019-03-01,0.0,SI,123,25420,0,NIOBRARA-CODELL,1.0,,,,1.0,,,,,,,,,,,,,
8,2019-02-01,0.0,SI,123,25420,0,NIOBRARA-CODELL,1.0,,,,1.0,,,,,,,,,,,,,
9,2019-01-01,0.0,SI,123,25420,0,NIOBRARA-CODELL,1.0,,,,1.0,,,,,,,,,,,,,
10,2018-12-01,0.0,SI,123,25420,0,NIOBRARA-CODELL,1.0,,,,1.0,,,,,,,,,,,,,
11,2018-11-01,0.0,SI,123,25420,0,NIOBRARA-CODELL,1.0,,,,1.0,,,,,,,,,,,,,
12,2018-10-01,1.0,PR,123,25420,0,NIOBRARA-CODELL,,1.0,,,1.0,,,,,,,,,,,,,
13,2018-09-01,0.0,SI,123,25420,0,NIOBRARA-CODELL,,,,,,,,,,,,,,,,,,
14,2018-08-01,0.0,SI,123,25420,0,NIOBRARA-CODELL,5.0,,5.0,,,53.7,,,,,,,,,,,,
15,2018-07-01,0.0,SI,123,25420,0,NIOBRARA-CODELL,16.0,,11.0,,5.0,53.7,,,,,,,,,,,,
16,2018-06-01,0.0,SI,123,25420,0,NIOBRARA-CODELL,16.0,,,,16.0,,,,,,,,,,,,,
17,2018-05-01,13.0,PR,123,25420,0,NIOBRARA-CODELL,10.0,20.0,14.0,,16.0,53.6,152.0,,,,152.0,1327.0,,,,,,
18,2018-04-01,13.0,PR,123,25420,0,NIOBRARA-CODELL,,23.0,13.0,,10.0,55.5,116.0,,,,116.0,1327.0,,,11.0,,,C
19,2018-03-01,0.0,SI,123,25420,0,NIOBRARA-CODELL,,,,,,,,,,,,,,,,,,
20,2018-02-01,0.0,SI,123,25420,0,NIOBRARA-CODELL,,,,,,,,,,,,,,,,,,
21,2018-01-01,0.0,SI,123,25420,0,NIOBRARA-CODELL,9.0,,9.0,,,54.2,,,,,,,,,,,,
22,2017-12-01,8.0,PR,123,25420,0,NIOBRARA-CODELL,12.0,11.0,14.0,,9.0,56.4,32.0,,,,32.0,1327.0,,,2.0,,,C
23,2017-11-01,30.0,PR,123,25420,0,NIOBRARA-CODELL,4.0,39.0,31.0,,12.0,54.8,152.0,,,,152.0,1205.0,,,14.0,,,C
24,2017-10-01,7.0,PR,123,25420,0,NIOBRARA-CODELL,,4.0,,,4.0,,51.0,,,,51.0,1205.0,,,5.0,,,I
25,2017-09-01,0.0,SI,123,25420,0,NIOBRARA-CODELL,,,,,,,,,,,,,,,,,,
26,2017-08-01,0.0,SI,123,25420,0,NIOBRARA-CODELL,1.0,,1.0,,,53.9,,,,,,,,,,,,
27,2017-07-01,2.0,PR,123,25420,0,NIOBRARA-CODELL,12.0,1.0,12.0,,1.0,55.2,7.0,,,,7.0,1205.0,,,,,,
28,2017-06-01,29.0,PR,123,25420,0,NIOBRARA-CODELL,23.0,20.0,31.0,,12.0,56.8,116.0,,,,116.0,1205.0,,,4.0,,,I
29,2017-05-01,30.0,PR,123,25420,0,NIOBRARA-CODELL,29.0,30.0,36.0,,23.0,55.2,177.0,,,,177.0,1351.0,,,17.0,,,I
30,2017-04-01,30.0,PR,123,25420,0,NIOBRARA-CODELL,42.0,39.0,52.0,,29.0,55.0,195.0,,,,195.0,1351.0,,,12.0,,,I
31,2017-03-01,31.0,PR,123,25420,0,NIOBRARA-CODELL,27.0,32.0,17.0,,42.0,54.1,201.0,,,,201.0,1351.0,,,14.0,,,I
32,2017-02-01,28.0,PR,123,25420,0,NIOBRARA-CODELL,16.0,43.0,32.0,,27.0,52.9,182.0,,,,182.0,1351.0,,,11.0,,,I
33,2017-01-01,20.0,PR,123,25420,0,NIOBRARA-CODELL,28.0,33.0,45.0,,16.0,54.7,207.0,,,,207.0,1351.0,,,31.0,,,I
34,2016-12-01,0.0,SI,123,25420,0,NIOBRARA-CODELL,28.0,,,,28.0,,,,,,,,,,,,,
35,2016-11-01,27.0,PR,123,25420,0,NIOBRARA-CODELL,15.0,25.0,12.0,,28.0,53.9,145.0,,,,145.0,1218.0,,,,,,
36,2016-10-01,31.0,PR,123,25420,0,NIOBRARA-CODELL,12.0,28.0,25.0,,15.0,55.4,196.0,,,,196.0,1218.0,,,,,,
37,2016-09-01,30.0,PR,123,25420,0,NIOBRARA-CODELL,11.0,24.0,23.0,,12.0,54.6,204.0,,,,204.0,1218.0,,,,,,
38,2016-08-01,31.0,PR,123,25420,0,NIOBRARA-CODELL,10.0,23.0,22.0,,11.0,55.0,200.0,,,,200.0,1218.0,,,,,,
39,2016-07-01,31.0,PR,123,25420,0,NIOBRARA-CODELL,12.0,21.0,23.0,,10.0,56.0,198.0,,,,198.0,1218.0,,,5.0,,,I
40,2016-06-01,30.0,PR,123,25420,0,NIOBRARA-CODELL,13.0,22.0,23.0,,12.0,55.6,206.0,,,,206.0,1218.0,,,10.0,,,I
41,2016-05-01,30.0,PR,123,25420,0,NIOBRARA-CODELL,20.0,33.0,40.0,,13.0,55.0,297.0,,,,297.0,1218.0,,,3.0,,,I
42,2016-04-01,30.0,PR,123,25420,0,NIOBRARA-CODELL,13.0,33.0,26.0,,20.0,55.2,321.0,,,,321.0,1218.0,,,13.0,,,I
43,2016-03-01,31.0,PR,123,25420,0,NIOBRARA-CODELL,21.0,32.0,40.0,,13.0,54.3,310.0,,,,310.0,1218.0,,,14.0,,,I
44,2016-02-01,29.0,PR,123,25420,0,NIOBRARA-CODELL,15.0,33.0,27.0,,21.0,54.2,336.0,,,,336.0,1218.0,,,13.0,,,I
45,2016-01-01,31.0,PR,123,25420,0,NIOBRARA-CODELL,41.0,37.0,63.0,,15.0,53.7,343.0,,,,343.0,1218.0,,,3.0,,,I
46,2015-12-01,31.0,PR,123,25420,0,NIOBRARA-CODELL,34.0,34.0,27.0,,41.0,53.8,325.0,,,,325.0,1218.0,,,10.0,,,I
47,2015-11-01,30.0,PR,123,25420,0,NIOBRARA-CODELL,16.0,40.0,22.0,,34.0,54.1,394.0,,,,394.0,1218.0,,,5.0,,,I
48,2015-10-01,22.0,PR,123,25420,0,NIOBRARA-CODELL,25.0,28.0,37.0,,16.0,54.2,291.0,,,,291.0,1218.0,,,6.0,,,I
49,2015-09-01,30.0,PR,123,25420,0,NIOBRARA-CODELL,30.0,42.0,47.0,,25.0,53.4,382.0,,,,382.0,1218.0,,,3.0,,,I
50,2015-08-01,31.0,PR,123,25420,0,NIOBRARA-CODELL,23.0,36.0,29.0,,30.0,48.6,366.0,,,,366.0,1218.0,,,3.0,,,I
51,2015-07-01,31.0,PR,123,25420,0,NIOBRARA-CODELL,19.0,31.0,27.0,,23.0,54.0,336.0,,,,336.0,1218.0,,,17.0,,,I
52,2015-06-01,30.0,PR,123,25420,0,NIOBRARA-CODELL,7.0,28.0,16.0,,19.0,55.1,331.0,,,,331.0,1218.0,,,4.0,,,I
53,2015-05-01,31.0,PR,123,25420,0,NIOBRARA-CODELL,80.0,10.0,83.0,,7.0,57.7,364.0,,,,364.0,1225.0,,,12.0,,,I
54,2015-04-01,30.0,PR,123,25420,0,NIOBRARA-CODELL,60.0,20.0,,,80.0,,279.0,,,,279.0,1225.0,,,,,,
55,2015-03-01,31.0,PR,123,25420,0,NIOBRARA-CODELL,155.0,81.0,176.0,,60.0,53.6,495.0,,,,495.0,1225.0,,,8.0,,,I
56,2015-02-01,28.0,PR,123,25420,0,NIOBRARA-CODELL,58.0,97.0,,,155.0,,655.0,,,,655.0,1225.0,,,,,,
57,2015-01-01,31.0,PR,123,25420,0,NIOBRARA-CODELL,107.0,100.0,149.0,,58.0,53.9,807.0,,,,807.0,1291.0,,,42.0,,,I
58,2014-12-01,31.0,PR,123,25420,0,NIOBRARA-CODELL,191.0,90.0,174.0,,107.0,54.3,828.0,,,,828.0,1291.0,,,,,,
59,2014-11-01,30.0,PR,123,25420,0,NIOBRARA-CODELL,86.0,105.0,,,191.0,,637.0,,,,637.0,1291.0,,,32.0,,,I
60,2014-10-01,31.0,PR,123,25420,0,NIOBRARA-CODELL,119.0,130.0,163.0,,86.0,53.0,724.0,,,,724.0,1291.0,,,41.0,,,I
61,2014-09-01,30.0,PR,123,25420,0,NIOBRARA-CODELL,165.0,112.0,158.0,,119.0,53.8,641.0,,,,641.0,1291.0,,,43.0,,,I
62,2014-08-01,31.0,PR,123,25420,0,NIOBRARA-CODELL,27.0,138.0,,,165.0,,758.0,,,,758.0,1291.0,,,,,,
63,2014-07-01,31.0,PR,123,25420,0,NIOBRARA-CODELL,55.0,69.0,97.0,,27.0,52.9,639.0,,,,639.0,1291.0,,,20.0,,,I
64,2014-06-01,30.0,PR,123,25420,0,NIOBRARA-CODELL,123.0,77.0,145.0,,55.0,53.4,485.0,,,,485.0,1291.0,,,22.0,,,I
65,2014-05-01,31.0,PR,123,25420,0,NIOBRARA-CODELL,42.0,81.0,,,123.0,,510.0,,,,510.0,1247.0,,,35.0,,,I
66,2014-04-01,25.0,PR,123,25420,0,NIOBRARA-CODELL,75.0,88.0,121.0,,42.0,51.5,573.0,,,,573.0,1247.0,,,51.0,,,I
67,2014-03-01,31.0,PR,123,25420,0,NIOBRARA-CODELL,29.0,46.0,,,75.0,,453.0,,,,453.0,1247.0,,,19.0,,,I
68,2014-02-01,28.0,PR,123,25420,0,NIOBRARA-CODELL,163.0,32.0,166.0,,29.0,52.8,305.0,,,,305.0,1247.0,,,,,,
69,2014-01-01,31.0,PR,123,25420,0,NIOBRARA-CODELL,117.0,46.0,,,163.0,,344.0,,,,344.0,1247.0,,,14.0,,,I
70,2013-12-01,31.0,PR,123,25420,0,NIOBRARA-CODELL,43.0,74.0,,,117.0,,437.0,,,,437.0,1247.0,,,,,,
71,2013-11-01,30.0,PR,123,25420,0,NIOBRARA-CODELL,146.0,78.0,181.0,,43.0,51.2,489.0,,,,489.0,1247.0,,,,,,
72,2013-10-01,31.0,PR,123,25420,0,NIOBRARA-CODELL,95.0,82.0,31.0,,146.0,53.2,499.0,,,,499.0,1247.0,,,34.0,,,I
73,2013-09-01,30.0,PR,123,25420,0,NIOBRARA-CODELL,98.0,78.0,81.0,,95.0,51.9,469.0,,,,469.0,1247.0,,,,,,
74,2013-08-01,31.0,PR,123,25420,0,NIOBRARA-CODELL,27.0,71.0,,,98.0,,494.0,,,,494.0,1247.0,,,,,,
75,2013-07-01,29.0,PR,123,25420,0,NIOBRARA-CODELL,23.0,63.0,59.0,,27.0,53.9,670.0,,,,670.0,1247.0,,,,,,
76,2013-06-01,30.0,PR,123,25420,0,NIOBRARA-CODELL,75.0,42.0,94.0,,23.0,53.1,477.0,,,,477.0,1247.0,,,26.0,,,I
77,2013-05-01,31.0,PR,123,25420,0,NIOBRARA-CODELL,36.0,39.0,,,75.0,,475.0,,,,475.0,1301.0,,,,,,
78,2013-04-01,30.0,PR,123,25420,0,NIOBRARA-CODELL,105.0,43.0,112.0,,36.0,52.4,416.0,,,,416.0,1301.0,,,28.0,,,I
79,2013-03-01,31.0,PR,123,25420,0,NIOBRARA-CODELL,57.0,48.0,,,105.0,,391.0,,,,391.0,1301.0,,,,,,
80,2013-02-01,24.0,PR,123,25420,0,NIOBRARA-CODELL,194.0,50.0,187.0,,57.0,52.9,465.0,,,,465.0,1301.0,,,,,,
81,2013-01-01,31.0,PR,123,25420,0,NIOBRARA-CODELL,84.0,110.0,,,194.0,,962.0,,,,962.0,1301.0,,,50.0,,,I
82,2012-12-01,31.0,PR,123,25420,0,NIOBRARA-CODELL,149.0,130.0,195.0,,84.0,52.2,963.0,,,,963.0,1301.0,,,62.0,,,I
83,2012-11-01,26.0,PR,123,25420,0,NIOBRARA-CODELL,3.0,146.0,,,149.0,,1190.0,,,,1190.0,1301.0,,,38.0,,,I
84,2012-10-01,4.0,PR,123,25420,0,NIOBRARA-CODELL,,3.0,,,3.0,,116.0,,,,116.0,1301.0,,,,,,
85,2012-09-01,,SI,123,25420,0,NIOBRARA-CODELL,,,,,,,,,,,,,,,,,,
86,2012-08-01,,SI,123,25420,0,NIOBRARA-CODELL,12.0,,12.0,,,61.2,,,,,,,,,,,,
87,2012-07-01,29.0,PR,123,25420,0,NIOBRARA-CODELL,54.0,47.0,89.0,,12.0,53.5,514.0,,,,514.0,1301.0,,,7.0,,,I
88,2012-06-01,30.0,PR,123,25420,0,NIOBRARA-CODELL,65.0,37.0,48.0,,54.0,53.1,524.0,,,,524.0,1301.0,,,5.0,,,I
89,2012-05-01,31.0,PR,123,25420,0,NIOBRARA-CODELL,86.0,67.0,88.0,,65.0,56.9,652.0,,,,652.0,1314.0,,,10.0,,,I
90,2012-04-01,30.0,PR,123,25420,0,NIOBRARA-CODELL,43.0,43.0,,,86.0,,591.0,,,,591.0,1314.0,,,,,,
91,2012-03-01,31.0,PR,123,25420,0,NIOBRARA-CODELL,54.0,70.0,81.0,,43.0,54.0,699.0,,,,699.0,1314.0,,,6.0,,,I
92,2012-02-01,29.0,PR,123,25420,0,NIOBRARA-CODELL,48.0,52.0,46.0,,54.0,55.0,659.0,,,,659.0,1314.0,,,,,,
93,2012-01-01,31.0,PR,123,25420,0,NIOBRARA-CODELL,103.0,82.0,137.0,,48.0,55.9,789.0,,,,789.0,1314.0,,,6.0,,,I
94,2011-12-01,31.0,PR,123,25420,0,NIOBRARA-CODELL,71.0,77.0,45.0,,103.0,56.3,814.0,,,,814.0,1314.0,,,4.0,,,I
95,2011-11-01,30.0,PR,123,25420,0,NIOBRARA-CODELL,66.0,85.0,79.0,-1.0,71.0,55.5,823.0,,,,823.0,1314.0,,,12.0,,,I
96,2011-10-01,31.0,PR,123,25420,0,NIOBRARA-CODELL,63.0,83.0,80.0,,66.0,54.5,915.0,,,,915.0,1314.0,,,,,,
97,2011-09-01,30.0,PR,123,25420,0,NIOBRARA-CODELL,42.0,68.0,47.0,,63.0,51.2,743.0,,,,743.0,1314.0,,,7.0,,,I
98,2011-08-01,31.0,PR,123,25420,0,NIOBRARA-CODELL,67.0,93.0,118.0,,42.0,52.7,925.0,,,,925.0,1314.0,,,13.0,,,I
99,2011-07-01,31.0,PR,123,25420,0,NIOBRARA-CODELL,57.0,96.0,86.0,,67.0,53.2,974.0,,,,974.0,1229.0,,,7.0,,,I
100,2011-06-01,30.0,PR,123,25420,0,NIOBRARA-CODELL,41.0,95.0,79.0,,57.0,54.7,967.0,,,,967.0,1229.0,,,7.0,,,I
101,2011-05-01,31.0,PR,123,25420,0,NIOBRARA-CODELL,87.0,82.0,128.0,,41.0,57.1,974.0,,,,974.0,1229.0,,,8.0,,,I
102,2011-04-01,30.0,PR,123,25420,0,NIOBRARA-CODELL,69.0,84.0,66.0,,87.0,57.7,949.0,,,,949.0,1229.0,,,13.0,,,I
103,2011-03-01,31.0,PR,123,25420,0,NIOBRARA-CODELL,60.0,89.0,80.0,,69.0,55.1,1063.0,,,,1063.0,1229.0,,,6.0,,,I
104,2011-02-01,28.0,PR,123,25420,0,NIOBRARA-CODELL,77.0,111.0,128.0,,60.0,58.2,1091.0,,,,1091.0,1229.0,,,12.0,,,I
105,2011-01-01,31.0,PR,123,25420,0,NIOBRARA-CODELL,48.0,109.0,80.0,,77.0,58.3,1165.0,,,,1165.0,1229.0,,,7.0,,,I
106,2010-12-01,31.0,PR,123,25420,0,NIOBRARA-CODELL,80.0,128.0,160.0,,48.0,58.8,1243.0,,,,1243.0,1229.0,,,12.0,,,I
107,2010-11-01,30.0,PR,123,25420,0,NIOBRARA-CODELL,64.0,136.0,119.0,-1.0,80.0,55.0,1264.0,,,,1264.0,1229.0,,,17.0,,,I
108,2010-10-01,31.0,PR,123,25420,0,NIOBRARA-CODELL,25.0,117.0,78.0,,64.0,56.4,1190.0,,,,1190.0,1229.0,,,8.0,,,I
109,2010-09-01,30.0,PR,123,25420,0,NIOBRARA-CODELL,41.0,110.0,126.0,,25.0,54.0,1182.0,,,,1182.0,1229.0,,,12.0,,,I
110,2010-08-01,31.0,PR,123,25420,0,NIOBRARA-CODELL,79.0,126.0,164.0,,41.0,52.0,1304.0,,,,1304.0,1229.0,,,16.0,,,I
111,2010-07-01,31.0,PR,123,25420,0,NIOBRARA-CODELL,36.0,122.0,79.0,,79.0,52.0,1270.0,,,,1270.0,1307.0,,,10.0,,,I
112,2010-06-01,30.0,PR,123,25420,0,NIOBRARA-CODELL,45.0,119.0,129.0,,36.0,53.0,1269.0,,,,1269.0,1307.0,,,15.0,,,I
113,2010-05-01,31.0,PR,123,25420,0,NIOBRARA-CODELL,45.0,132.0,132.0,,45.0,56.0,1376.0,,,,1376.0,1307.0,,,8.0,,,I
114,2010-04-01,30.0,PR,123,25420,0,NIOBRARA-CODELL,25.0,137.0,117.0,,45.0,55.0,1432.0,,,,1432.0,1307.0,,,23.0,,,I
115,2010-03-01,31.0,PR,123,25420,0,NIOBRARA-CODELL,43.0,160.0,178.0,,25.0,55.0,1543.0,,,,1543.0,1307.0,,,14.0,,,I
116,2010-02-01,28.0,PR,123,25420,0,NIOBRARA-CODELL,69.0,148.0,174.0,,43.0,58.0,1469.0,,,,1469.0,1306.0,,,16.0,,,I
117,2010-01-01,31.0,PR,123,25420,0,NIOBRARA-CODELL,66.0,172.0,169.0,,69.0,60.0,1623.0,,,,1623.0,1306.0,,,16.0,,,I
118,2009-12-01,31.0,PR,123,25420,0,NIOBRARA-CODELL,3.0,177.0,114.0,,66.0,57.0,59.0,,,,59.0,1305.0,,,1.0,,,I
119,2009-11-01,30.0,PR,123,25420,0,NIOBRARA-CODELL,2.0,7.0,6.0,,3.0,56.0,58.0,,,,58.0,1293.0,,,1.0,,,I
120,2009-10-01,31.0,PR,123,25420,0,NIOBRARA-CODELL,2.0,8.0,8.0,,2.0,56.0,61.0,,,,61.0,1311.0,,,1.0,,,I
121,2009-09-01,30.0,PR,123,25420,0,NIOBRARA-CODELL,3.0,8.0,9.0,,2.0,53.0,62.0,,,,62.0,1306.0,,,,,,
122,2009-08-01,31.0,PR,123,25420,0,NIOBRARA-CODELL,1.0,8.0,6.0,,3.0,51.0,62.0,,,,62.0,1306.0,,,1.0,,,I
123,2009-07-01,31.0,PR,123,25420,0,NIOBRARA-CODELL,3.0,8.0,11.0,,1.0,52.0,62.0,,,,62.0,1290.0,,,1.0,,,I
124,2009-06-01,30.0,PR,123,25420,0,NIOBRARA-CODELL,3.0,9.0,9.0,,3.0,53.0,63.0,,,,63.0,1286.0,,,1.0,,,I
125,2009-05-01,31.0,PR,123,25420,0,NIOBRARA-CODELL,2.0,7.0,7.0,,3.0,55.0,62.0,,,,62.0,1290.0,,,7.0,,,I
126,2009-04-01,30.0,PR,123,25420,0,NIOBRARA-CODELL,,9.0,6.0,,2.0,54.0,65.0,,,,65.0,1277.0,,,13.0,,,I
127,2009-03-01,31.0,PR,123,25420,0,NIOBRARA-CODELL,56.0,337.0,383.0,,10.0,54.8,2293.0,,,,2293.0,1283.0,,,26.0,,,I
128,2009-02-01,28.0,PR,123,25420,0,NIOBRARA-CODELL,66.0,277.0,287.0,,56.0,54.1,2093.0,,,,2093.0,1283.0,,,33.0,,,I
129,2009-01-01,31.0,PR,123,25420,0,NIOBRARA-CODELL,27.0,421.0,382.0,,66.0,56.3,2729.0,,,,2729.0,1283.0,,,39.0,,,I
130,2008-12-01,31.0,PR,123,25420,0,NIOBRARA-CODELL,79.0,464.0,516.0,,27.0,55.3,3367.0,,,,3367.0,1283.0,,,49.0,,,I
131,2008-11-01,27.0,PR,123,25420,0,NIOBRARA-CODELL,1.0,20.0,18.0,,3.0,54.7,144.0,,,,144.0,1284.0,,,75.0,,,I
132,2008-10-01,28.0,PR,123,25420,0,NIOBRARA-CODELL,93.0,423.0,490.0,,26.0,54.6,1987.0,,,,1987.0,1283.0,,,21.0,,,I
133,2008-09-01,30.0,PR,123,25420,0,NIOBRARA-CODELL,47.0,430.0,384.0,,93.0,54.1,2018.0,,,,2018.0,1290.0,,,12.0,,,I
134,2008-08-01,31.0,PR,123,25420,0,NIOBRARA-CODELL,45.0,550.0,548.0,,47.0,53.6,2487.0,,,,2487.0,1290.0,,,23.0,,,I
135,2008-07-01,31.0,PR,123,25420,0,NIOBRARA-CODELL,131.0,598.0,684.0,,45.0,53.5,2839.0,,,,2839.0,1290.0,,,21.0,,,I
136,2008-06-01,30.0,PR,123,25420,0,NIOBRARA-CODELL,47.0,732.0,648.0,,131.0,53.7,3560.0,,,,3560.0,1290.0,,,46.0,,,I
137,2008-05-01,31.0,PR,123,25420,0,NIOBRARA-CODELL,72.0,1019.0,1044.0,,47.0,55.0,4688.0,,,,4688.0,1290.0,,,101.0,,,I
138,2008-04-01,30.0,PR,123,25420,0,NIOBRARA-CODELL,2.0,36.0,36.0,,2.0,53.4,158.0,,,,158.0,1290.0,,,92.0,,,I
139,2008-03-01,23.0,PR,123,25420,0,NIOBRARA-CODELL,,357.0,286.0,,71.0,54.2,693.0,,,,693.0,1290.0,,,23.0,,,I
140,2008-02-01,16.0,PR,123,25420,0,NIOBRARA-CODELL,,,,,,,1.0,,,,1.0,1290.0,,,,,,
