,First of Month,Days Produced,Well Status,API County,API Sequence,API Sidetrack,Formation,BOM Inventory,Oil Produced,Oil Sold,Oil Adjustment,EOM Inventory,Oil Gravity,Gas Produced,Gas Flared,Gas Used,Gas Shrinkage,Gas Sold,Gas BTU,Gas Tubing Pressure,Gas Casing Pressure,Water Volume,Water Tubing Pressure,Water Casing Pressure,Water Disp Code
0,2020-04-01,0.0,TA,123,24458,0,NIOBRARA-CODELL,,,,,,,,,,,,,,,,,,
1,2020-03-01,0.0,TA,123,24458,0,NIOBRARA-CODELL,,,,,,,,,,,,,,,,,,
2,2020-02-01,0.0,TA,123,24458,0,NIOBRARA-CODELL,,,,,,,,,,,,1000.0,,,,,,
3,2020-01-01,0.0,SI,123,24458,0,CODELL,,,,,,,,,,,,,,,,,,
4,2020-01-01,0.0,TA,123,24458,0,NIOBRARA-CODELL,,,,,,,,,,,,1000.0,,,,,,
5,2019-12-01,0.0,TA,123,24458,0,CODELL,,,,,,,,,,,,1000.0,,,,,,
6,2019-11-01,0.0,TA,123,24458,0,CODELL,,,,,,,,,,,,1000.0,,,,,,
7,2019-10-01,0.0,TA,123,24458,0,CODELL,,,,,,,,,,,,1000.0,,,,,,
8,2019-09-01,0.0,TA,123,24458,0,CODELL,,,,,,,,,,,,1000.0,,,,,,
9,2019-08-01,0.0,TA,123,24458,0,CODELL,,,,,,,,,,,,1000.0,,,,,,
10,2019-07-01,0.0,TA,123,24458,0,CODELL,,,,,,,,,,,,1000.0,,,,,,
11,2019-06-01,0.0,TA,123,24458,0,CODELL,,,,,,,,,,,,1000.0,,,,,,
12,2019-05-01,0.0,TA,123,24458,0,CODELL,,,,,,,,,,,,1000.0,,,,,,
13,2019-04-01,0.0,TA,123,24458,0,CODELL,,,,,,,,,,,,1000.0,,,,,,
14,2019-03-01,0.0,TA,123,24458,0,CODELL,,,,,,,,,,,,1000.0,,,,,,
15,2019-02-01,0.0,TA,123,24458,0,CODELL,,,,,,,,,,,,1000.0,,,,,,
16,2019-01-01,0.0,TA,123,24458,0,CODELL,,,,,,,,,,,,1000.0,,,,,,
17,2018-12-01,0.0,TA,123,24458,0,CODELL,,,,,,,,,,,,1000.0,,,,,,
18,2018-11-01,0.0,TA,123,24458,0,CODELL,,,,,,,,,,,,1000.0,,,,,,
19,2018-10-01,0.0,TA,123,24458,0,CODELL,,,,,,,,,,,,1000.0,,,,,,
20,2018-09-01,0.0,TA,123,24458,0,CODELL,,,,,,,,,,,,1000.0,,,,,,
21,2018-08-01,0.0,TA,123,24458,0,CODELL,,,,,,,,,,,,1000.0,,,,,,
22,2018-07-01,0.0,SI,123,24458,0,CODELL,,,,,,,,,,,,,,,,,,
23,2018-06-01,0.0,SI,123,24458,0,CODELL,,,,,,,,,,,,,,,,,,
24,2018-05-01,0.0,SI,123,24458,0,CODELL,,,,,,,,,,,,,,,,,,
25,2018-04-01,0.0,SI,123,24458,0,CODELL,,,,,,,,,,,,,,,,,,
26,2018-03-01,0.0,SI,123,24458,0,CODELL,,,,,,,,,,,,,,,,,,
27,2018-02-01,0.0,SI,123,24458,0,CODELL,,,,,,,,,,,,,,,,,,
28,2018-01-01,0.0,SI,123,24458,0,CODELL,,,,,,,,,,,,,,,,,,
29,2017-12-01,0.0,SI,123,24458,0,CODELL,,,,,,,,,,,,,,,,,,
30,2017-11-01,0.0,SI,123,24458,0,CODELL,,,,,,,,,,,,,,,,,,
31,2017-10-01,0.0,SI,123,24458,0,CODELL,,,,,,,,,,,,,,,,,,
32,2017-09-01,0.0,SI,123,24458,0,CODELL,12.0,,,-12.0,,,,,,,,,,,,,,
33,2017-08-01,0.0,SI,123,24458,0,CODELL,12.0,,,,12.0,,,,,,,,,,,,,
34,2017-07-01,0.0,SI,123,24458,0,CODELL,19.0,,,-7.0,12.0,,,,,,,,,,,,,
35,2017-06-01,1.0,PR,123,24458,0,CODELL,19.0,,,,19.0,,,,,,,,,,10.0,,,P
36,2017-05-01,0.0,SI,123,24458,0,CODELL,19.0,,,,19.0,,,,,,,,,,,,,
37,2017-04-01,0.0,SI,123,24458,0,CODELL,19.0,,,,19.0,,,,,,,,,,,,,
38,2017-03-01,0.0,SI,123,24458,0,CODELL,19.0,,,,19.0,,,,,,,,,,,,,
39,2017-02-01,0.0,SI,123,24458,0,CODELL,19.0,,,,19.0,,,,,,,,,,,,,
40,2017-01-01,0.0,SI,123,24458,0,CODELL,19.0,,,,19.0,,,,,,,,,,,,,
41,2016-12-01,0.0,SI,123,24458,0,CODELL,19.0,,,,19.0,,,,,,,,,,,,,
42,2016-11-01,0.0,SI,123,24458,0,CODELL,19.0,,,,19.0,,,,,,,,,,,,,
43,2016-10-01,0.0,SI,123,24458,0,CODELL,19.0,,,,19.0,,,,,,,,,,,,,
44,2016-09-01,0.0,SI,123,24458,0,CODELL,19.0,,,,19.0,,,,,,,,,,,,,
45,2016-08-01,0.0,SI,123,24458,0,CODELL,19.0,,,,19.0,,,,,,,,,,,,,
46,2016-07-01,0.0,SI,123,24458,0,CODELL,19.0,,,,19.0,,,,,,,,,,,,,
47,2016-06-01,0.0,SI,123,24458,0,CODELL,19.0,,,,19.0,,,,,,,,,,,,,
48,2016-05-01,0.0,SI,123,24458,0,CODELL,19.0,,,,19.0,,,,,,,,,,,,,
49,2016-04-01,1.0,PR,123,24458,0,CODELL,50.0,,31.0,,19.0,43.6,,,,,,,,,,,,
50,2016-03-01,0.0,SI,123,24458,0,CODELL,50.0,,,,50.0,,,,,,,,,,,,,
51,2016-02-01,0.0,SI,123,24458,0,CODELL,50.0,,,,50.0,,,,,,,,,,,,,
52,2016-01-01,0.0,SI,123,24458,0,CODELL,50.0,,,,50.0,,,,,,,,,,,,,
53,2015-12-01,0.0,SI,123,24458,0,CODELL,50.0,,,,50.0,,,,,,,,,,,,,
54,2015-11-01,0.0,SI,123,24458,0,CODELL,54.0,,,-4.0,50.0,,,,,,,,,,,,,
55,2015-10-01,0.0,SI,123,24458,0,CODELL,54.0,,,,54.0,,,,,,,,,,,,,
56,2015-09-01,17.0,PR,123,24458,0,CODELL,54.0,,,,54.0,,,,,,,,,,,,,
57,2015-08-01,0.0,SI,123,24458,0,CODELL,54.0,,,,54.0,,,,,,,,,,,,,
58,2015-07-01,,SI,123,24458,0,CODELL,54.0,,,,54.0,,,,,,,,,,,,,
59,2015-06-01,0.0,SI,123,24458,0,CODELL,54.0,,,,54.0,,,,,,,,,,,,,
60,2015-05-01,1.0,PR,123,24458,0,CODELL,144.0,,90.0,,54.0,46.5,,,,,,,,,,,,
61,2015-04-01,,SI,123,24458,0,CODELL,144.0,,,,144.0,,,,,,,,,,,,,
62,2015-03-01,1.0,PR,123,24458,0,CODELL,235.0,24.0,115.0,,144.0,46.4,59.0,,,,59.0,1245.0,,,,,,
63,2015-02-01,2.0,PR,123,24458,0,CODELL,235.0,,,,235.0,,,,,,,,,,,,,
64,2015-01-01,2.0,PR,123,24458,0,CODELL,191.0,44.0,,,235.0,,,,,,,,,,,,,
65,2014-12-01,8.0,PR,123,24458,0,CODELL,136.0,55.0,,,191.0,,161.0,,,,161.0,1245.0,,,,,,
66,2014-11-01,4.0,PR,123,24458,0,CODELL,109.0,169.0,142.0,,136.0,47.5,49.0,,,,49.0,1245.0,,,,,,
67,2014-10-01,23.0,PR,123,24458,0,CODELL,160.0,614.0,665.0,,109.0,46.2,405.0,,,,405.0,1281.0,,,,,,
68,2014-09-01,,SI,123,24458,0,CODELL,160.0,,,,160.0,,,,,,,,,,,,,
69,2014-08-01,4.0,PR,123,24458,0,CODELL,160.0,,,,160.0,,,,,,,,,,,,,
70,2014-07-01,31.0,PR,123,24458,0,CODELL,160.0,,,,160.0,,178.0,,,,178.0,1281.0,,,,,,
71,2014-06-01,18.0,PR,123,24458,0,CODELL,87.0,73.0,,,160.0,,3.0,,,,3.0,1281.0,,,,,,
72,2014-05-01,31.0,PR,123,24458,0,CODELL,52.0,35.0,,,87.0,,,,,,,,,,,,,
73,2014-04-01,30.0,PR,123,24458,0,CODELL,67.0,52.0,67.0,,52.0,47.2,,,,,,,,,13.0,,,P
74,2014-03-01,27.0,PR,123,24458,0,CODELL,67.0,,,,67.0,,,,,,,,,,,,,
75,2014-02-01,,SI,123,24458,0,CODELL,67.0,,,,67.0,,,,,,,,,,,,,
76,2014-01-01,,SI,123,24458,0,CODELL,67.0,,,,67.0,,,,,,,,,,,,,
77,2013-12-01,,SI,123,24458,0,CODELL,67.0,,,,67.0,,,,,,,,,,,,,
78,2013-11-01,2.0,PR,123,24458,0,CODELL,67.0,,,,67.0,,,,,,,,,,,,,
79,2013-10-01,31.0,PR,123,24458,0,CODELL,52.0,15.0,,,67.0,,228.0,,,,228.0,1281.0,,,,,,
80,2013-09-01,30.0,PR,123,24458,0,CODELL,43.0,9.0,,,52.0,,269.0,,,,269.0,1281.0,,,,,,
81,2013-08-01,31.0,PR,123,24458,0,CODELL,20.0,60.0,37.0,,43.0,47.0,386.0,,,,386.0,1281.0,,,,,,
82,2013-07-01,1.0,PR,123,24458,0,CODELL,20.0,,,,20.0,,50.0,,,,50.0,1281.0,,,,,,
83,2013-06-01,1.0,PR,123,24458,0,CODELL,38.0,,18.0,,20.0,47.1,,,,,,,,,,,,
84,2013-05-01,,SI,123,24458,0,CODELL,38.0,,,,38.0,,,,,,,,,,,,,
85,2013-04-01,15.0,PR,123,24458,0,CODELL,59.0,47.0,68.0,,38.0,47.0,126.0,,,,126.0,1281.0,,,,,,
86,2013-03-01,20.0,PR,123,24458,0,CODELL,60.0,159.0,160.0,,59.0,48.7,494.0,,,,494.0,1281.0,,,,,,
87,2013-02-01,21.0,PR,123,24458,0,CODELL,98.0,44.0,82.0,,60.0,49.0,209.0,,,,209.0,1281.0,,,,,,
88,2013-01-01,31.0,PR,123,24458,0,CODELL,98.0,,,,98.0,,,,,,,,,,,,,
89,2012-12-01,31.0,PR,123,24458,0,CODELL,98.0,,,,98.0,,,,,,,,,,,,,
90,2012-11-01,,SI,123,24458,0,CODELL,98.0,,,,98.0,,,,,,,,,,,,,
91,2012-10-01,31.0,PR,123,24458,0,CODELL,65.0,33.0,,,98.0,,,,,,,,,,23.0,,,P
92,2012-09-01,30.0,PR,123,24458,0,CODELL,65.0,,,,65.0,,77.0,,,,77.0,1281.0,,,,,,
93,2012-08-01,5.0,PR,123,24458,0,CODELL,65.0,,,,65.0,,268.0,,,,268.0,1281.0,,,,,,
94,2012-07-01,31.0,PR,123,24458,0,CODELL,100.0,50.0,85.0,,65.0,47.9,389.0,,,,389.0,1281.0,,,,,,
95,2012-06-01,30.0,PR,123,24458,0,CODELL,48.0,52.0,,,100.0,,390.0,,,,390.0,1312.0,,,,,,
96,2012-05-01,31.0,PR,123,24458,0,CODELL,85.0,50.0,87.0,,48.0,49.6,459.0,,,,459.0,1312.0,,,,,,
97,2012-04-01,30.0,PR,123,24458,0,CODELL,120.0,59.0,94.0,,85.0,49.4,266.0,,,,266.0,1312.0,,,21.0,,,P
98,2012-03-01,31.0,PR,123,24458,0,CODELL,62.0,58.0,,,120.0,,508.0,,,,508.0,1312.0,,,,,,
99,2012-02-01,29.0,PR,123,24458,0,CODELL,50.0,106.0,94.0,,62.0,51.6,659.0,,,,659.0,1312.0,,,22.0,,,P
100,2011-12-01,31.0,PR,123,24458,0,CODELL,97.0,203.0,273.0,-1.0,26.0,48.3,1093.0,,,,1093.0,1312.0,,,18.0,,,P
101,2011-11-01,30.0,PR,123,24458,0,CODELL,85.0,189.0,178.0,1.0,97.0,47.3,1029.0,,,,1029.0,1312.0,,,31.0,,,P
102,2011-10-01,31.0,PR,123,24458,0,CODELL,88.0,253.0,256.0,,85.0,46.8,1285.0,,,,1285.0,1312.0,,,15.0,,,P
103,2011-09-01,30.0,PR,123,24458,0,CODELL,101.0,232.0,246.0,1.0,88.0,46.9,1155.0,,,,1155.0,1312.0,,,37.0,,,P
104,2011-08-01,31.0,PR,123,24458,0,CODELL,146.0,308.0,353.0,,101.0,46.5,1366.0,,,,1366.0,1312.0,,,31.0,,,P
105,2011-07-01,31.0,PR,123,24458,0,CODELL,156.0,334.0,344.0,,146.0,46.6,1345.0,,,,1345.0,1264.0,,,46.0,,,P
106,2011-06-01,30.0,PR,123,24458,0,CODELL,128.0,377.0,350.0,1.0,156.0,45.4,1304.0,,,,1304.0,1264.0,,,30.0,,,P
107,2011-05-01,21.0,PR,123,24458,0,CODELL,107.0,194.0,172.0,-1.0,128.0,50.7,647.0,,,,647.0,1264.0,,,,,,
108,2011-04-01,30.0,PR,123,24458,0,CODELL,59.0,135.0,88.0,1.0,107.0,44.7,432.0,,,,432.0,1264.0,,,,,,
109,2011-03-01,31.0,PR,123,24458,0,CODELL,138.0,190.0,268.0,-1.0,59.0,47.4,767.0,,,,767.0,1264.0,,,16.0,,,P
110,2011-02-01,28.0,PR,123,24458,0,CODELL,105.0,113.0,80.0,,138.0,52.0,588.0,,,,588.0,1264.0,,,,,,
111,2011-01-01,30.0,PR,123,24458,0,CODELL,87.0,193.0,175.0,,105.0,49.1,1075.0,,,,1075.0,1264.0,,,22.0,,,P
112,2010-12-01,31.0,PR,123,24458,0,CODELL,174.0,352.0,439.0,,87.0,49.6,1974.0,,,,1974.0,1264.0,,,59.0,,,P
113,2010-11-01,30.0,PR,123,24458,0,CODELL,87.0,359.0,272.0,,174.0,48.1,2088.0,,,,2088.0,1264.0,,,46.0,,,P
114,2010-10-01,31.0,PR,123,24458,0,CODELL,121.0,330.0,364.0,,87.0,47.4,2177.0,,,,2177.0,1264.0,,,62.0,,,P
115,2010-09-01,30.0,PR,123,24458,0,CODELL,24.0,444.0,347.0,,121.0,48.0,2574.0,,,,2574.0,1264.0,,,,,,
116,2010-08-01,31.0,PR,123,24458,0,CODELL,125.0,582.0,683.0,,24.0,47.0,3322.0,,,,3322.0,1264.0,,,85.0,,,I
117,2010-06-01,14.0,PR,123,24458,0,CODELL,25.0,383.0,297.0,,111.0,42.0,579.0,,,,579.0,1307.0,,,,,,
118,2010-05-01,11.0,PR,123,24458,0,CODELL,40.0,209.0,225.0,,25.0,46.0,686.0,,,,686.0,1308.0,,,50.0,,,I
119,2010-04-01,30.0,PR,123,24458,0,CODELL,37.0,117.0,114.0,,40.0,50.0,423.0,,,,423.0,1307.0,,,10.0,,,P
120,2010-03-01,31.0,PR,123,24458,0,CODELL,23.0,131.0,116.0,,37.0,51.0,430.0,,,,430.0,1307.0,,,10.0,,,P
121,2010-02-01,26.0,PR,123,24458,0,CODELL,38.0,104.0,119.0,,23.0,49.6,337.0,,,,337.0,1307.0,,,9.0,,,P
122,2010-01-01,27.0,PR,123,24458,0,CODELL,86.0,115.0,163.0,,38.0,49.7,364.0,,,,364.0,1307.0,,,,,,
123,2009-12-01,29.0,PR,123,24458,0,CODELL,49.0,144.0,107.0,,86.0,50.1,541.0,,,,541.0,1307.0,,,26.0,,,P
124,2009-11-01,30.0,PR,123,24458,0,CODELL,48.0,145.0,144.0,,49.0,49.0,570.0,,,,570.0,1306.0,,,10.0,,,P
125,2009-10-01,31.0,PR,123,24458,0,CODELL,40.0,144.0,136.0,,48.0,48.8,622.0,,,,622.0,1307.0,,,15.0,,,P
126,2009-09-01,30.0,PR,123,24458,0,CODELL,32.0,150.0,142.0,,40.0,48.2,675.0,,,,675.0,1305.0,,,,,,
127,2009-08-01,31.0,PR,123,24458,0,CODELL,70.0,225.0,263.0,,32.0,48.6,919.0,,,,919.0,1307.0,,,12.0,,,P
128,2009-07-01,31.0,PR,123,24458,0,CODELL,69.0,215.0,214.0,,70.0,47.1,749.0,,,,749.0,1277.0,,,,,,
129,2009-06-01,30.0,PR,123,24458,0,CODELL,52.0,253.0,236.0,,69.0,48.0,743.0,,,,743.0,1277.0,,,,,,
130,2009-05-01,31.0,PR,123,24458,0,CODELL,58.0,249.0,255.0,,52.0,48.2,663.0,,,,663.0,1277.0,,,13.0,,,P
131,2009-04-01,30.0,PR,123,24458,0,CODELL,19.0,229.0,190.0,,58.0,48.7,501.0,,,,501.0,1277.0,,,25.0,,,P
132,2009-03-01,31.0,PR,123,24458,0,CODELL,31.0,322.0,334.0,,19.0,47.8,723.0,,,,723.0,1277.0,,,,,,
133,2009-02-01,11.0,PR,123,24458,0,CODELL,30.0,92.0,91.0,,31.0,48.4,171.0,,,,171.0,1277.0,,,6.0,,,P
134,2009-01-01,18.0,PR,123,24458,0,CODELL,18.0,270.0,258.0,,30.0,51.0,558.0,,,,558.0,1277.0,,,20.0,,,P
135,2008-12-01,14.0,PR,123,24458,0,CODELL,10.0,119.0,111.0,,18.0,50.1,204.0,,,,204.0,1277.0,,,171.0,,,P
136,2008-11-01,5.0,PR,123,24458,0,CODELL,76.0,72.0,138.0,,10.0,47.0,189.0,,,,189.0,1219.0,,,74.0,,,P
137,2008-10-01,16.0,PR,123,24458,0,CODELL,154.0,103.0,181.0,,76.0,48.7,487.0,,,,487.0,1218.0,,,11.0,,,P
138,2008-09-01,29.0,PR,123,24458,0,CODELL,146.0,210.0,202.0,,154.0,48.3,954.0,,,,954.0,1219.0,,,49.0,,,P
139,2008-08-01,31.0,PR,123,24458,0,CODELL,72.0,281.0,207.0,,146.0,48.3,1223.0,,,,1223.0,1219.0,,,33.0,,,P
140,2008-07-01,25.0,PR,123,24458,0,CODELL,144.0,232.0,304.0,,72.0,46.4,938.0,,,,938.0,1219.0,,,,,,
141,2008-06-01,30.0,PR,123,24458,0,CODELL,139.0,303.0,298.0,,144.0,47.0,1171.0,,,,1171.0,1219.0,,,43.0,,,P
142,2008-05-01,26.0,PR,123,24458,0,CODELL,82.0,418.0,361.0,,139.0,47.0,1069.0,,,,1069.0,1219.0,,,20.0,,,P
143,2008-04-01,12.0,PR,123,24458,0,CODELL,71.0,198.0,187.0,,82.0,47.1,330.0,,,,330.0,1218.0,,,17.0,,,P
144,2008-03-01,28.0,PR,123,24458,0,CODELL,,93.0,22.0,,71.0,48.9,123.0,,,,123.0,1219.0,,,,,,
145,2008-02-01,28.0,PR,123,24458,0,CODELL,72.0,,72.0,,,47.9,,,,,,,,,,,,
146,2008-01-01,19.0,PR,123,24458,0,CODELL,16.0,321.0,265.0,,72.0,51.4,857.0,,,,857.0,1219.0,,,23.0,,,P
147,2007-12-01,18.0,PR,123,24458,0,CODELL,90.0,215.0,289.0,,16.0,48.9,730.0,,,,730.0,1219.0,,,,,,
148,2007-11-01,29.0,PR,123,24458,0,CODELL,127.0,434.0,471.0,,90.0,47.2,1438.0,,,,1438.0,1219.0,,,49.0,,,P
149,2007-10-01,31.0,PR,123,24458,0,CODELL,137.0,525.0,534.0,-1.0,127.0,48.5,1754.0,,,,1754.0,1219.0,,,27.0,,,P
150,2007-09-01,25.0,PR,123,24458,0,CODELL,155.0,680.0,698.0,,137.0,47.1,2204.0,,,,2204.0,1219.0,,,64.0,,,P
151,2007-08-01,27.0,PR,123,24458,0,CODELL,109.0,900.0,854.0,,155.0,46.2,1689.0,,,,1689.0,1219.0,,,34.0,,,P
152,2007-07-01,8.0,PR,123,24458,0,CODELL,,451.0,342.0,,109.0,45.4,630.0,,,,630.0,1316.0,,,,,,
153,2007-06-01,,WO,123,24458,0,CODELL,,,,,,,,,,,,,,,,,,
154,2007-05-01,,WO,123,24458,0,CODELL,,,,,,,,,,,,,,,,,,
155,2007-04-01,,WO,123,24458,0,CODELL,,,,,,,,,,,,,,,,,,
