,First of Month,Days Produced,Well Status,API County,API Sequence,API Sidetrack,Formation,BOM Inventory,Oil Produced,Oil Sold,Oil Adjustment,EOM Inventory,Oil Gravity,Gas Produced,Gas Flared,Gas Used,Gas Shrinkage,Gas Sold,Gas BTU,Gas Tubing Pressure,Gas Casing Pressure,Water Volume,Water Tubing Pressure,Water Casing Pressure,Water Disp Code
0,2020-04-01,0.0,SI,123,24697,0,CODELL,32.0,,,,32.0,,,,,,,,,,,,,
1,2020-03-01,0.0,SI,123,24697,0,CODELL,32.0,,,,32.0,,,,,,,,,,,,,
2,2020-02-01,0.0,SI,123,24697,0,CODELL,32.0,,,,32.0,,,,,,,,,,,,,
3,2020-01-01,0.0,SI,123,24697,0,CODELL,32.0,,,,32.0,,,,,,,,,,,,,
4,2019-12-01,0.0,SI,123,24697,0,CODELL,32.0,,,,32.0,,,,,,,,,,,,,
5,2019-11-01,0.0,SI,123,24697,0,CODELL,32.0,,,,32.0,,,,,,,,,,,,,
6,2019-10-01,0.0,SI,123,24697,0,CODELL,32.0,,,,32.0,,,,,,,,,,,,,
7,2019-09-01,0.0,SI,123,24697,0,CODELL,32.0,,,,32.0,,,,,,,,,,,,,
8,2019-08-01,0.0,SI,123,24697,0,CODELL,32.0,,,,32.0,,,,,,,,,,,,,
9,2019-07-01,0.0,SI,123,24697,0,CODELL,32.0,,,,32.0,,,,,,,,,,,,,
10,2019-06-01,0.0,SI,123,24697,0,CODELL,32.0,,,,32.0,,,,,,,,,,,,,
11,2019-05-01,0.0,SI,123,24697,0,CODELL,32.0,,,,32.0,,,,,,,,,,,,,
12,2019-04-01,0.0,SI,123,24697,0,CODELL,32.0,,,,32.0,,,,,,,,,,,,,
13,2019-03-01,0.0,SI,123,24697,0,CODELL,32.0,,,,32.0,,,,,,,,,,,,,
14,2019-02-01,0.0,SI,123,24697,0,CODELL,32.0,,,,32.0,,,,,,,,,,,,,
15,2019-01-01,0.0,SI,123,24697,0,CODELL,32.0,,,,32.0,,,,,,,,,,,,,
16,2018-12-01,0.0,SI,123,24697,0,CODELL,32.0,,,,32.0,,,,,,,,,,,,,
17,2018-11-01,0.0,SI,123,24697,0,CODELL,32.0,,,,32.0,,,,,,,,,,,,,
18,2018-10-01,0.0,SI,123,24697,0,CODELL,32.0,,,,32.0,,,,,,,,,,,,,
19,2018-09-01,0.0,SI,123,24697,0,CODELL,32.0,,,,32.0,,,,,,,,,,,,,
20,2018-08-01,0.0,SI,123,24697,0,CODELL,32.0,,,,32.0,,,,,,,,,,,,,
21,2018-07-01,0.0,SI,123,24697,0,CODELL,32.0,,,,32.0,,,,,,,,,,,,,
22,2018-06-01,0.0,SI,123,24697,0,CODELL,32.0,,,,32.0,,,,,,,,,,,,,
23,2018-05-01,0.0,SI,123,24697,0,CODELL,32.0,,,,32.0,,,,,,,,,,,,,
24,2018-04-01,0.0,SI,123,24697,0,CODELL,32.0,,,,32.0,,,,,,,,,,,,,
25,2018-03-01,0.0,SI,123,24697,0,CODELL,32.0,,,,32.0,,,,,,,,,,,,,
26,2018-02-01,0.0,SI,123,24697,0,CODELL,32.0,,,,32.0,,,,,,,,,,,,,
27,2018-01-01,0.0,SI,123,24697,0,CODELL,32.0,,,,32.0,,,,,,,,,,,,,
28,2017-12-01,0.0,SI,123,24697,0,CODELL,32.0,,,,32.0,,,,,,,,,,,,,
29,2017-11-01,0.0,SI,123,24697,0,CODELL,32.0,,,,32.0,,,,,,,,,,,,,
30,2017-10-01,0.0,SI,123,24697,0,CODELL,32.0,,,,32.0,,,,,,,,,,,,,
31,2017-09-01,0.0,SI,123,24697,0,CODELL,32.0,,,,32.0,,,,,,,,,,,,,
32,2017-08-01,0.0,SI,123,24697,0,CODELL,32.0,,,,32.0,,,,,,,,,,,,,
33,2017-07-01,0.0,SI,123,24697,0,CODELL,32.0,,,,32.0,,,,,,,,,,,,,
34,2017-06-01,0.0,SI,123,24697,0,CODELL,32.0,,,,32.0,,,,,,,,,,,,,
35,2017-05-01,0.0,SI,123,24697,0,CODELL,32.0,,,,32.0,,,,,,,,,,,,,
36,2017-04-01,0.0,SI,123,24697,0,CODELL,32.0,,,,32.0,,,,,,,,,,,,,
37,2017-03-01,0.0,SI,123,24697,0,CODELL,32.0,,,,32.0,,,,,,,,,,,,,
38,2017-02-01,0.0,SI,123,24697,0,CODELL,32.0,,,,32.0,,,,,,,,,,,,,
39,2017-01-01,0.0,SI,123,24697,0,CODELL,32.0,,,,32.0,,,,,,,,,,,,,
40,2016-12-01,0.0,SI,123,24697,0,CODELL,32.0,,,,32.0,,,,,,,,,,,,,
41,2016-11-01,0.0,SI,123,24697,0,CODELL,32.0,,,,32.0,,,,,,,,,,,,,
42,2016-10-01,0.0,SI,123,24697,0,CODELL,32.0,,,,32.0,,,,,,,,,,,,,
43,2016-09-01,0.0,SI,123,24697,0,CODELL,39.0,,7.0,,32.0,40.0,,,,,,,,,,,,
44,2016-08-01,0.0,SI,123,24697,0,CODELL,39.0,,,,39.0,,,,,,,,,,,,,
45,2016-07-01,0.0,SI,123,24697,0,CODELL,39.0,,,,39.0,,,,,,,,,,,,,
46,2016-06-01,0.0,SI,123,24697,0,CODELL,39.0,,,,39.0,,,,,,,,,,,,,
47,2016-05-01,0.0,SI,123,24697,0,CODELL,39.0,,,,39.0,,,,,,,,,,,,,
48,2016-04-01,0.0,SI,123,24697,0,CODELL,39.0,,,,39.0,,,,,,,,,,,,,
49,2016-03-01,0.0,SI,123,24697,0,CODELL,39.0,,,,39.0,,,,,,,,,,,,,
50,2016-02-01,0.0,SI,123,24697,0,CODELL,39.0,,,,39.0,,,,,,,,,,,,,
51,2016-01-01,0.0,SI,123,24697,0,CODELL,39.0,,,,39.0,,,,,,,,,,,,,
52,2015-12-01,0.0,SI,123,24697,0,CODELL,39.0,,,,39.0,,,,,,,,,,,,,
53,2015-11-01,0.0,SI,123,24697,0,CODELL,39.0,,,,39.0,,,,,,,,,,,,,
54,2015-10-01,0.0,SI,123,24697,0,CODELL,39.0,,,,39.0,,,,,,,,,,,,,
55,2015-09-01,0.0,SI,123,24697,0,CODELL,39.0,,,,39.0,,,,,,,,,,,,,
56,2015-08-01,0.0,SI,123,24697,0,CODELL,39.0,,,,39.0,,,,,,,,,,,,,
57,2015-07-01,1.0,PR,123,24697,0,CODELL,32.0,7.0,,,39.0,,15.0,,,,15.0,1253.0,,,13.0,,,I
58,2015-06-01,,SI,123,24697,0,CODELL,60.0,,28.0,,32.0,46.9,,,,,,,,,,,,
59,2015-05-01,,SI,123,24697,0,CODELL,60.0,,,,60.0,,,,,,,,,,,,,
60,2015-04-01,,SI,123,24697,0,CODELL,60.0,,,,60.0,,,,,,,,,,,,,
61,2015-03-01,2.0,PR,123,24697,0,CODELL,60.0,,,,60.0,,,,,,,,,,,,,
62,2015-02-01,13.0,PR,123,24697,0,CODELL,60.0,,,,60.0,,5.0,,,,5.0,1252.0,,,,,,
63,2015-01-01,10.0,PR,123,24697,0,CODELL,60.0,,,,60.0,,25.0,,,,25.0,1254.0,,,,,,
64,2014-12-01,1.0,PR,123,24697,0,CODELL,48.0,12.0,,,60.0,,22.0,,,,22.0,1253.0,,,,,,
65,2014-11-01,,SI,123,24697,0,CODELL,48.0,,,,48.0,,,,,,,,,,,,,
66,2014-10-01,1.0,PR,123,24697,0,CODELL,38.0,10.0,,,48.0,,21.0,,,,21.0,1253.0,,,,,,
67,2014-09-01,,SI,123,24697,0,CODELL,38.0,,,,38.0,,,,,,,,,,,,,
68,2014-08-01,3.0,PR,123,24697,0,CODELL,58.0,22.0,42.0,,38.0,46.5,42.0,,,,42.0,1253.0,,,,,,
69,2014-07-01,1.0,PR,123,24697,0,CODELL,52.0,6.0,,,58.0,,18.0,,,,18.0,1253.0,,,,,,
70,2014-06-01,1.0,PR,123,24697,0,CODELL,42.0,10.0,,,52.0,,23.0,,,,23.0,1253.0,,,1.0,,,I
71,2014-05-01,2.0,PR,123,24697,0,CODELL,82.0,15.0,55.0,,42.0,44.5,18.0,,,,18.0,1253.0,,,,,,
72,2014-04-01,25.0,PR,123,24697,0,CODELL,74.0,104.0,96.0,,82.0,48.2,178.0,,,,178.0,1253.0,,,,,,
73,2014-03-01,23.0,PR,123,24697,0,CODELL,57.0,121.0,104.0,,74.0,48.3,254.0,,,,254.0,1235.0,,,,,,
74,2014-02-01,19.0,PR,123,24697,0,CODELL,65.0,96.0,104.0,,57.0,48.2,310.0,,,,310.0,1235.0,,,,,,
75,2014-01-01,19.0,PR,123,24697,0,CODELL,114.0,116.0,165.0,,65.0,48.6,287.0,,,,287.0,1235.0,,,4.0,,,I
76,2013-12-01,30.0,PR,123,24697,0,CODELL,131.0,64.0,81.0,,114.0,46.3,121.0,,,,121.0,1235.0,,,,,,
77,2013-11-01,29.0,PR,123,24697,0,CODELL,167.0,113.0,149.0,,131.0,45.9,237.0,,,,237.0,1235.0,,,,,,
78,2013-10-01,24.0,PR,123,24697,0,CODELL,52.0,228.0,113.0,,167.0,46.7,454.0,,,,454.0,1235.0,,,,,,
79,2013-09-01,12.0,PR,123,24697,0,CODELL,21.0,31.0,,,52.0,,82.0,,,,82.0,1235.0,,,,,,
80,2013-08-01,26.0,PR,123,24697,0,CODELL,11.0,19.0,9.0,,21.0,44.8,69.0,,,,69.0,1235.0,,,,,,
81,2013-07-01,15.0,PR,123,24697,0,CODELL,4.0,7.0,,,11.0,,4.0,,,,4.0,1235.0,,,,,,
82,2013-06-01,,SI,123,24697,0,CODELL,6.0,,2.0,,4.0,46.4,,,,,,,,,,,,
83,2013-05-01,29.0,PR,123,24697,0,CODELL,,6.0,,,6.0,,2.0,,,,2.0,1235.0,,,,,,
84,2013-04-01,,SI,123,24697,0,CODELL,,,,,,,,,,,,,,,,,,
85,2013-03-01,,SI,123,24697,0,CODELL,,,,,,,,,,,,,,,,,,
86,2013-02-01,,SI,123,24697,0,CODELL,49.0,,49.0,,,47.7,,,,,,,,,,,,
87,2013-01-01,16.0,PR,123,24697,0,CODELL,65.0,28.0,44.0,,49.0,41.4,94.0,,,,94.0,1319.0,,,,,,
88,2012-12-01,25.0,PR,123,24697,0,CODELL,72.0,65.0,72.0,,65.0,49.0,241.0,,,,241.0,1320.0,,,4.0,,,I
89,2012-11-01,28.0,PR,123,24697,0,CODELL,29.0,43.0,,,72.0,,154.0,,,,154.0,1318.0,,,,,,
90,2012-10-01,28.0,PR,123,24697,0,CODELL,12.0,29.0,12.0,,29.0,48.3,136.0,,,,136.0,1316.0,,,,,,
91,2012-09-01,1.0,PR,123,24697,0,CODELL,29.0,3.0,20.0,,12.0,44.1,11.0,,,,11.0,1364.0,,,,,,
92,2012-08-01,3.0,PR,123,24697,0,CODELL,27.0,2.0,,,29.0,,19.0,,,,19.0,1316.0,,,,,,
93,2012-07-01,29.0,PR,123,24697,0,CODELL,23.0,25.0,20.0,,27.0,48.3,135.0,,,,135.0,1311.0,,,3.0,,,I
94,2012-06-01,30.0,PR,123,24697,0,CODELL,38.0,28.0,44.0,,23.0,47.1,146.0,,,,146.0,1315.0,,,,,,
95,2012-05-01,18.0,PR,123,24697,0,CODELL,22.0,38.0,21.0,,38.0,47.4,183.0,,,,183.0,1317.0,,,2.0,,,I
96,2012-04-01,3.0,PR,123,24697,0,CODELL,39.0,3.0,21.0,,22.0,49.4,24.0,,,,24.0,1333.0,,,,,,
97,2012-03-01,30.0,PR,123,24697,0,CODELL,22.0,40.0,23.0,,39.0,48.8,272.0,,,,272.0,1320.0,,,2.0,,,I
98,2012-02-01,29.0,PR,123,24697,0,CODELL,21.0,43.0,42.0,,22.0,51.4,336.0,,,,336.0,1277.0,,,4.0,,,I
99,2012-01-01,29.0,PR,123,24697,0,CODELL,27.0,40.0,45.0,,21.0,53.5,324.0,,,,324.0,1278.0,,,2.0,,,I
100,2011-12-01,31.0,PR,123,24697,0,CODELL,33.0,61.0,68.0,,27.0,50.7,547.0,,,,547.0,1278.0,,,3.0,,,I
101,2011-11-01,30.0,PR,123,24697,0,CODELL,42.0,55.0,64.0,,33.0,48.0,477.0,,,,477.0,1279.0,,,6.0,,,I
102,2011-10-01,30.0,PR,123,24697,0,CODELL,46.0,83.0,86.0,,42.0,48.5,677.0,,,,677.0,1278.0,,,7.0,,,I
103,2011-09-01,30.0,PR,123,24697,0,CODELL,37.0,95.0,86.0,,46.0,47.3,694.0,,,,694.0,1278.0,,,8.0,,,I
104,2011-08-01,31.0,PR,123,24697,0,CODELL,36.0,66.0,66.0,,37.0,46.7,555.0,,,,555.0,1276.0,,,7.0,,,I
105,2011-07-01,31.0,PR,123,24697,0,CODELL,35.0,88.0,87.0,,36.0,46.5,560.0,,,,560.0,1232.0,,,8.0,,,I
106,2011-06-01,30.0,PR,123,24697,0,CODELL,42.0,57.0,63.0,,35.0,47.7,433.0,,,,433.0,1233.0,,,3.0,,,I
107,2011-05-01,31.0,PR,123,24697,0,CODELL,39.0,65.0,63.0,,42.0,49.7,484.0,,,,484.0,1233.0,,,3.0,,,I
108,2011-04-01,29.0,PR,123,24697,0,CODELL,32.0,90.0,83.0,,39.0,48.5,592.0,,,,592.0,1233.0,,,8.0,,,I
109,2011-03-01,29.0,PR,123,24697,0,CODELL,38.0,102.0,108.0,,32.0,49.1,644.0,,,,644.0,1233.0,,,8.0,,,I
110,2011-02-01,23.0,PR,123,24697,0,CODELL,42.0,82.0,86.0,,38.0,47.4,562.0,,,,562.0,1233.0,,,8.0,,,I
111,2011-01-01,31.0,PR,123,24697,0,CODELL,35.0,114.0,107.0,,42.0,49.6,738.0,,,,738.0,1260.0,,,8.0,,,I
112,2010-12-01,31.0,PR,123,24697,0,CODELL,32.0,135.0,132.0,,35.0,49.6,868.0,,,,868.0,1260.0,,,16.0,,,I
113,2010-11-01,30.0,PR,123,24697,0,CODELL,34.0,132.0,134.0,,32.0,48.3,873.0,,,,873.0,1260.0,,,12.0,,,I
114,2010-10-01,31.0,PR,123,24697,0,CODELL,27.0,151.0,144.0,,34.0,48.7,926.0,,,,926.0,1260.0,,,17.0,,,I
115,2010-09-01,30.0,PR,123,24697,0,CODELL,34.0,161.0,168.0,,27.0,47.9,900.0,,,,900.0,1260.0,,,17.0,,,I
116,2010-08-01,31.0,PR,123,24697,0,CODELL,41.0,179.0,186.0,,34.0,47.5,1074.0,,,,1074.0,1261.0,,,18.0,,,I
117,2010-07-01,31.0,PR,123,24697,0,CODELL,43.0,207.0,209.0,,41.0,48.2,1245.0,,,,1245.0,1200.0,,,3.0,,,I
118,2010-06-01,28.0,PR,123,24697,0,CODELL,19.0,237.0,214.0,,43.0,47.1,1209.0,,,,1209.0,1200.0,,,25.0,,,I
119,2010-05-01,14.0,PR,123,24697,0,CODELL,24.0,168.0,173.0,,19.0,46.5,1120.0,,,,1120.0,1200.0,,,40.0,,,I
120,2010-04-01,25.0,PR,123,24697,0,CODELL,31.0,101.0,108.0,,24.0,45.5,33.0,,,,33.0,1212.0,,,,,,
121,2010-03-01,31.0,PR,123,24697,0,CODELL,42.0,148.0,159.0,,31.0,48.0,503.0,,,,503.0,1201.0,,,,,,
122,2010-02-01,28.0,PR,123,24697,0,CODELL,44.0,172.0,173.0,,42.0,49.0,780.0,,,,780.0,1200.0,,,,,,
123,2010-01-01,31.0,PR,123,24697,0,CODELL,34.0,190.0,181.0,,44.0,52.0,879.0,,,,879.0,1199.0,,,,,,
124,2009-12-01,31.0,PR,123,24697,0,CODELL,106.0,303.0,375.0,,34.0,50.0,1360.0,,,,1360.0,1200.0,,,,,,
125,2009-11-01,30.0,PR,123,24697,0,CODELL,50.0,240.0,185.0,,106.0,49.0,1217.0,,,,1217.0,1200.0,,,,,,
126,2009-10-01,31.0,PR,123,24697,0,CODELL,40.0,246.0,236.0,,50.0,49.0,1557.0,,,,1557.0,1200.0,,,,,,
127,2009-09-01,30.0,PR,123,24697,0,CODELL,92.0,250.0,302.0,,40.0,48.0,1619.0,,,,1619.0,1200.0,,,,,,
128,2009-08-01,31.0,PR,123,24697,0,CODELL,67.0,261.0,235.0,,92.0,48.0,1453.0,,,,1453.0,1200.0,,,,,,
129,2009-07-01,31.0,PR,123,24697,0,CODELL,22.0,204.0,159.0,,67.0,47.0,1351.0,,,,1351.0,1179.0,,,,,,
130,2009-06-01,30.0,PR,123,24697,0,CODELL,39.0,228.0,245.0,,22.0,47.0,1270.0,,,,1270.0,1179.0,,,,,,
131,2009-05-01,31.0,PR,123,24697,0,CODELL,23.0,282.0,265.0,,39.0,47.0,1342.0,,,,1342.0,1179.0,,,,,,
132,2009-04-01,16.0,PR,123,24697,0,CODELL,25.0,214.0,216.0,,23.0,48.0,760.0,,,,760.0,1180.0,,,,,,
133,2009-03-01,24.0,PR,123,24697,0,CODELL,116.0,45.0,136.0,,25.0,46.5,926.0,,,,926.0,1173.0,,,,,,
134,2009-02-01,18.0,PR,123,24697,0,CODELL,57.0,842.0,783.0,,116.0,47.7,3342.0,,,,3342.0,1173.0,,,,,,
135,2009-01-01,14.0,PR,123,24697,0,CODELL,32.0,234.0,209.0,,57.0,49.2,589.0,,,,589.0,1173.0,,,,,,
136,2008-12-01,25.0,PR,123,24697,0,CODELL,122.0,421.0,511.0,,32.0,48.0,1302.0,,,,1302.0,1174.0,,,,,,
137,2008-11-01,30.0,PR,123,24697,0,CODELL,144.0,198.0,220.0,,122.0,49.3,735.0,,,,735.0,1174.0,,,,,,
138,2008-10-01,31.0,PR,123,24697,0,CODELL,111.0,230.0,197.0,,144.0,49.0,731.0,,,,731.0,1310.0,,,,,,
139,2008-09-01,30.0,PR,123,24697,0,CODELL,44.0,279.0,212.0,,111.0,49.5,777.0,,,,777.0,1310.0,,,,,,
140,2008-08-01,31.0,PR,123,24697,0,CODELL,163.0,274.0,393.0,,44.0,47.6,644.0,,,,644.0,1310.0,,,,,,
141,2008-07-01,26.0,PR,123,24697,0,CODELL,66.0,199.0,102.0,,163.0,46.0,330.0,,,,330.0,1310.0,,,,,,
142,2008-06-01,29.0,PR,123,24697,0,CODELL,194.0,229.0,357.0,,66.0,46.0,452.0,,,,452.0,1310.0,,,,,,
143,2008-05-01,31.0,PR,123,24697,0,CODELL,227.0,326.0,359.0,,194.0,47.7,861.0,,,,861.0,1310.0,,,,,,
144,2008-04-01,22.0,PR,123,24697,0,CODELL,97.0,316.0,186.0,,227.0,48.3,607.0,,,,607.0,1310.0,,,,,,
145,2008-03-01,31.0,PR,123,24697,0,CODELL,172.0,512.0,587.0,,97.0,48.8,1087.0,,,,1087.0,1310.0,,,,,,
146,2008-02-01,29.0,PR,123,24697,0,CODELL,255.0,316.0,399.0,,172.0,47.0,471.0,,,,471.0,1310.0,,,,,,
147,2008-01-01,11.0,PR,123,24697,0,CODELL,272.0,387.0,404.0,,255.0,49.0,478.0,,,,478.0,1310.0,,,,,,
148,2007-12-01,17.0,PR,123,24697,0,CODELL,150.0,315.0,193.0,,272.0,47.6,644.0,,,,644.0,1310.0,,,,,,
149,2007-11-01,30.0,PR,123,24697,0,CODELL,191.0,555.0,596.0,,150.0,48.2,1030.0,,,,1030.0,1310.0,,,,,,
150,2007-10-01,27.0,PR,123,24697,0,CODELL,72.0,1058.0,939.0,,191.0,48.7,1894.0,,,,1894.0,1263.0,,,,,,
151,2007-09-01,,SI,123,24697,0,CODELL,72.0,,,,72.0,,,,,,,,,,,,,
152,2007-08-01,1.0,PR,123,24697,0,CODELL,,72.0,,,72.0,,,,,,,,,,,,,
153,2007-07-01,,SI,123,24697,0,CODELL,,,,,,,,,,,,,,,,,,
154,2007-06-01,,SI,123,24697,0,CODELL,,,,,,,,,,,,,,,,,,
155,2007-05-01,,SI,123,24697,0,CODELL,,,,,,,,,,,,,,,,,,
156,2007-04-01,,SI,123,24697,0,CODELL,,,,,,,,,,,,,,,,,,
157,2007-03-01,,WO,123,24697,0,CODELL,,,,,,,,,,,,,,,,,,
158,2007-02-01,,DG,123,24697,0,CODELL,,,,,,,,,,,,,,,,,,
