,First of Month,Days Produced,Well Status,API County,API Sequence,API Sidetrack,Formation,BOM Inventory,Oil Produced,Oil Sold,Oil Adjustment,EOM Inventory,Oil Gravity,Gas Produced,Gas Flared,Gas Used,Gas Shrinkage,Gas Sold,Gas BTU,Gas Tubing Pressure,Gas Casing Pressure,Water Volume,Water Tubing Pressure,Water Casing Pressure,Water Disp Code
0,2020-04-01,0,SI,123,26706,0,NIOBRARA-CODELL,101.0,,,,101,,,,,,,,,,,,,
1,2020-03-01,24,PR,123,26706,0,NIOBRARA-CODELL,98.0,3.0,,,101,,411.0,,,,411.0,1278.0,,,,,,
2,2020-02-01,29,PR,123,26706,0,NIOBRARA-CODELL,72.0,26.0,,,98,,1162.0,,,,1162.0,1278.0,,,,,,
3,2020-01-01,31,PR,123,26706,0,NIOBRARA-CODELL,34.0,38.0,,,72,,1483.0,,,,1483.0,1290.0,,,,,,
4,2019-12-01,27,PR,123,26706,0,NIOBRARA-CODELL,61.0,48.0,75.0,,34,58.7,1650.0,,,,1650.0,1290.0,,,,,,
5,2019-11-01,30,PR,123,26706,0,NIOBRARA-CODELL,80.0,52.0,71.0,,61,59.3,1820.0,,,,1820.0,1290.0,,,,,,
6,2019-10-01,31,PR,123,26706,0,NIOBRARA-CODELL,34.0,46.0,,,80,,1928.0,,,,1928.0,1290.0,,,,,,
7,2019-09-01,25,PR,123,26706,0,NIOBRARA-CODELL,54.0,25.0,45.0,,34,59.1,1914.0,,,,1914.0,1290.0,,,,,,
8,2019-08-01,13,PR,123,26706,0,NIOBRARA-CODELL,36.0,18.0,,,54,,907.0,,,,907.0,1290.0,,,1.0,,,M
9,2019-07-01,19,PR,123,26706,0,NIOBRARA-CODELL,16.0,20.0,,,36,,1049.0,,,,1049.0,1290.0,,,5.0,,,M
10,2019-06-01,28,PR,123,26706,0,NIOBRARA-CODELL,26.0,17.0,27.0,,16,58.4,998.0,,,,998.0,1290.0,,,7.0,,,M
11,2019-05-01,26,PR,123,26706,0,NIOBRARA-CODELL,17.0,9.0,,,26,,507.0,,,,507.0,1290.0,,,,,,M
12,2019-04-01,14,PR,123,26706,0,NIOBRARA-CODELL,17.0,,,,17,,12.0,,,,12.0,1289.0,,,,,,M
13,2019-03-01,1,PR,123,26706,0,NIOBRARA-CODELL,17.0,,,,17,,21.0,,,,21.0,1293.0,,,,,,M
14,2019-02-01,26,PR,123,26706,0,NIOBRARA-CODELL,17.0,,,,17,,22.0,,,,22.0,1295.0,,,,,,M
15,2019-01-01,22,PR,123,26706,0,NIOBRARA-CODELL,17.0,,,,17,,37.0,,,,37.0,1292.0,,,,,,
16,2018-12-01,31,PR,123,26706,0,NIOBRARA-CODELL,59.0,38.0,80.0,,17,57.9,618.0,,,,618.0,1290.0,,,6.0,,,M
17,2018-11-01,28,PR,123,26706,0,NIOBRARA-CODELL,72.0,37.0,,-50.0,59,,545.0,,,,545.0,1290.0,,,9.0,,,M
18,2018-10-01,31,PR,123,26706,0,NIOBRARA-CODELL,104.0,73.0,105.0,,72,60.5,1276.0,,,,1276.0,1233.0,,,1.0,,,C
19,2018-09-01,30,PR,123,26706,0,NIOBRARA-CODELL,88.0,78.0,62.0,,104,59.2,1326.0,,,,1326.0,1233.0,,,,,,
20,2018-08-01,31,PR,123,26706,0,NIOBRARA-CODELL,66.0,83.0,61.0,,88,60.2,1380.0,,,,1380.0,1233.0,,,,,,
21,2018-07-01,31,PR,123,26706,0,NIOBRARA-CODELL,55.0,75.0,64.0,,66,61.0,1370.0,,,,1370.0,1233.0,,,2.0,,,C
22,2018-06-01,30,PR,123,26706,0,NIOBRARA-CODELL,93.0,83.0,121.0,,55,61.3,1641.0,,,,1641.0,1233.0,,,,,,
23,2018-05-01,31,PR,123,26706,0,NIOBRARA-CODELL,49.0,98.0,54.0,,93,61.9,1955.0,,,,1955.0,1233.0,,,,,,
24,2018-04-01,28,PR,123,26706,0,NIOBRARA-CODELL,33.0,46.0,30.0,,49,60.8,805.0,,,,805.0,1233.0,,,2.0,,,C
25,2018-03-01,0,SI,123,26706,0,NIOBRARA-CODELL,33.0,,,,33,,,,,,,,,,,,,
26,2018-02-01,0,SI,123,26706,0,NIOBRARA-CODELL,66.0,,33.0,,33,60.0,,,,,,,,,,,,
27,2018-01-01,16,PR,123,26706,0,NIOBRARA-CODELL,35.0,31.0,,,66,,1047.0,,,,1047.0,1233.0,,,2.0,,,I
28,2017-12-01,13,PR,123,26706,0,NIOBRARA-CODELL,5.0,34.0,4.0,,35,62.1,685.0,,,,685.0,1233.0,,,1.0,,,C
29,2017-11-01,1,PR,123,26706,0,NIOBRARA-CODELL,50.0,4.0,49.0,,5,62.7,52.0,,,,52.0,1233.0,,,,,,
30,2017-10-01,28,PR,123,26706,0,NIOBRARA-CODELL,49.0,38.0,37.0,,50,63.2,830.0,,,,830.0,1278.0,,,4.0,,,I
31,2017-09-01,30,PR,123,26706,0,NIOBRARA-CODELL,12.0,45.0,8.0,,49,61.7,938.0,,,,938.0,1278.0,,,3.0,,,I
32,2017-08-01,9,PR,123,26706,0,NIOBRARA-CODELL,33.0,17.0,38.0,,12,62.8,339.0,,,,339.0,1278.0,,,,,,
33,2017-07-01,11,PR,123,26706,0,NIOBRARA-CODELL,44.0,18.0,29.0,,33,63.7,386.0,,,,386.0,1278.0,,,,,,
34,2017-06-01,30,PR,123,26706,0,NIOBRARA-CODELL,88.0,42.0,86.0,,44,60.5,860.0,,,,860.0,1278.0,,,1.0,,,I
35,2017-05-01,31,PR,123,26706,0,NIOBRARA-CODELL,31.0,57.0,,,88,,1018.0,,,,1018.0,1278.0,,,1.0,,,I
36,2017-04-01,30,PR,123,26706,0,NIOBRARA-CODELL,47.0,56.0,72.0,,31,61.2,1039.0,,,,1039.0,1287.0,,,2.0,,,I
37,2017-03-01,31,PR,123,26706,0,NIOBRARA-CODELL,36.0,64.0,53.0,,47,60.7,1206.0,,,,1206.0,1287.0,,,2.0,,,I
38,2017-02-01,28,PR,123,26706,0,NIOBRARA-CODELL,81.0,100.0,145.0,,36,60.0,1414.0,,,,1414.0,1287.0,,,11.0,,,I
39,2017-01-01,31,PR,123,26706,0,NIOBRARA-CODELL,63.0,164.0,146.0,,81,59.5,2223.0,,,,2223.0,1287.0,,,1.0,,,I
40,2016-12-01,28,PR,123,26706,0,NIOBRARA-CODELL,37.0,88.0,48.0,-14.0,63,61.1,1296.0,,,,1296.0,1287.0,,,13.0,,,I
41,2016-11-01,30,PR,123,26706,0,NIOBRARA-CODELL,18.0,92.0,72.0,-1.0,37,60.4,1265.0,,,,1265.0,1287.0,,,64.0,,,I
42,2016-10-01,31,PR,123,26706,0,NIOBRARA-CODELL,16.0,39.0,37.0,,18,58.8,578.0,,,,578.0,1268.0,,,1.0,,,I
43,2016-09-01,30,PR,123,26706,0,NIOBRARA-CODELL,24.0,30.0,38.0,,16,59.5,522.0,,,,522.0,1268.0,,,6.0,,,I
44,2016-08-01,31,PR,123,26706,0,NIOBRARA-CODELL,95.0,31.0,102.0,,24,61.3,573.0,,,,573.0,1268.0,,,2.0,,,I
45,2016-07-01,31,PR,123,26706,0,NIOBRARA-CODELL,70.0,82.0,45.0,-12.0,95,59.6,1474.0,,,,1474.0,1268.0,,,13.0,,,I
46,2016-06-01,30,PR,123,26706,0,NIOBRARA-CODELL,55.0,91.0,64.0,-12.0,70,58.9,1526.0,,,,1526.0,1268.0,,,16.0,,,I
47,2016-05-01,31,PR,123,26706,0,NIOBRARA-CODELL,66.0,99.0,100.0,-10.0,55,58.2,1611.0,,,,1611.0,1268.0,,,23.0,,,I
48,2016-04-01,30,PR,123,26706,0,NIOBRARA-CODELL,60.0,113.0,92.0,-15.0,66,60.0,1536.0,,,,1536.0,1268.0,,,21.0,,,I
49,2016-03-01,31,PR,123,26706,0,NIOBRARA-CODELL,99.0,54.0,93.0,,60,59.9,1767.0,,,,1767.0,1268.0,,,3.0,,,I
50,2016-02-01,21,PR,123,26706,0,NIOBRARA-CODELL,66.0,157.0,105.0,-19.0,99,58.9,1161.0,,,,1161.0,1268.0,,,15.0,,,I
51,2016-01-01,31,PR,123,26706,0,NIOBRARA-CODELL,119.0,112.0,155.0,-10.0,66,56.7,1711.0,,,,1711.0,1268.0,,,2.0,,,I
52,2015-12-01,31,PR,123,26706,0,NIOBRARA-CODELL,92.0,137.0,110.0,,119,59.2,1658.0,,,,1658.0,1268.0,,,12.0,,,I
53,2015-11-01,30,PR,123,26706,0,NIOBRARA-CODELL,63.0,79.0,50.0,,92,61.2,1526.0,,,,1526.0,1268.0,,,6.0,,,I
54,2015-10-01,31,PR,123,26706,0,NIOBRARA-CODELL,54.0,108.0,99.0,,63,59.9,1590.0,,,,1590.0,1276.0,,,1.0,,,I
55,2015-09-01,30,PR,123,26706,0,NIOBRARA-CODELL,46.0,109.0,101.0,,54,58.3,1584.0,,,,1584.0,1276.0,,,,,,
56,2015-08-01,31,PR,123,26706,0,NIOBRARA-CODELL,60.0,96.0,110.0,,46,58.8,1615.0,,,,1615.0,1276.0,,,14.0,,,I
57,2015-07-01,31,PR,123,26706,0,NIOBRARA-CODELL,76.0,94.0,110.0,,60,59.4,1625.0,,,,1625.0,1276.0,,,2.0,,,I
58,2015-06-01,30,PR,123,26706,0,NIOBRARA-CODELL,83.0,100.0,107.0,,76,59.9,1382.0,,,,1382.0,1276.0,,,2.0,,,I
59,2015-05-01,31,PR,123,26706,0,NIOBRARA-CODELL,118.0,83.0,118.0,,83,59.9,1506.0,,,,1506.0,1276.0,,,,,,
60,2015-04-01,30,PR,123,26706,0,NIOBRARA-CODELL,79.0,90.0,51.0,,118,60.2,1292.0,,,,1292.0,1276.0,,,2.0,,,I
61,2015-03-01,31,PR,123,26706,0,NIOBRARA-CODELL,85.0,101.0,88.0,-19.0,79,60.0,1336.0,,,,1336.0,1276.0,,,15.0,,,I
62,2015-02-01,28,PR,123,26706,0,NIOBRARA-CODELL,73.0,100.0,88.0,,85,61.1,1303.0,,,,1303.0,1276.0,,,,,,
63,2015-01-01,22,PR,123,26706,0,NIOBRARA-CODELL,106.0,80.0,104.0,-9.0,73,63.5,1425.0,,,,1425.0,1276.0,,,4.0,,,I
64,2014-12-01,27,PR,123,26706,0,NIOBRARA-CODELL,128.0,73.0,86.0,-9.0,106,61.5,675.0,,,,675.0,1276.0,,,6.0,,,I
65,2014-11-01,22,PR,123,26706,0,NIOBRARA-CODELL,116.0,65.0,44.0,-9.0,128,40.0,858.0,,,,858.0,1276.0,,,20.0,,,I
66,2014-10-01,31,PR,123,26706,0,NIOBRARA-CODELL,174.0,111.0,99.0,-70.0,116,51.0,1526.0,,,,1526.0,1276.0,,,84.0,,,I
67,2014-09-01,30,PR,123,26706,0,NIOBRARA-CODELL,131.0,92.0,49.0,,174,59.0,1458.0,,,,1458.0,1276.0,,,94.0,,,I
68,2014-08-01,31,PR,123,26706,0,NIOBRARA-CODELL,114.0,131.0,56.0,-58.0,131,58.9,1618.0,,,,1618.0,1276.0,,,80.0,,,I
69,2014-07-01,31,PR,123,26706,0,NIOBRARA-CODELL,123.0,96.0,105.0,,114,58.6,1385.0,,,,1385.0,1276.0,,,244.0,,,I
70,2014-06-01,30,PR,123,26706,0,NIOBRARA-CODELL,182.0,111.0,170.0,,123,59.2,1411.0,,,,1411.0,1276.0,,,132.0,,,I
71,2014-05-01,31,PR,123,26706,0,NIOBRARA-CODELL,131.0,118.0,67.0,,182,40.2,1502.0,,,,1502.0,1276.0,,,113.0,,,I
72,2014-04-01,30,PR,123,26706,0,NIOBRARA-CODELL,136.0,143.0,148.0,,131,56.3,1439.0,,,,1439.0,1276.0,,,2.0,,,I
73,2014-03-01,31,PR,123,26706,0,NIOBRARA-CODELL,112.0,164.0,140.0,,136,59.1,1742.0,,,,1742.0,1276.0,,,2.0,,,I
74,2014-02-01,26,PR,123,26706,0,NIOBRARA-CODELL,65.0,132.0,86.0,,112,58.0,1584.0,,,,1584.0,1276.0,,,10.0,,,I
75,2014-01-01,31,PR,123,26706,0,NIOBRARA-CODELL,93.0,77.0,106.0,1.0,65,60.4,,,,,,,0.0,0.0,,0.0,0.0,
76,2013-12-01,7,PR,123,26706,0,NIOBRARA-CODELL,153.0,11.0,71.0,,93,61.6,777.0,,7.0,,770.0,1276.0,0.0,0.0,,0.0,0.0,
77,2013-11-01,27,PR,123,26706,0,NIOBRARA-CODELL,144.0,235.0,224.0,-2.0,153,59.1,1595.0,,26.0,,1569.0,1276.0,0.0,0.0,,0.0,0.0,
78,2013-10-01,31,PR,123,26706,0,NIOBRARA-CODELL,103.0,190.0,149.0,,144,59.7,1947.0,,30.0,,1917.0,1275.0,0.0,0.0,10.0,0.0,0.0,M
79,2013-09-01,30,PR,123,26706,0,NIOBRARA-CODELL,175.0,81.0,152.0,-1.0,103,59.5,1891.0,,29.0,,1862.0,1275.0,0.0,0.0,,0.0,0.0,
80,2013-08-01,31,PR,123,26706,0,NIOBRARA-CODELL,245.0,243.0,314.0,1.0,175,58.0,1989.0,,30.0,,1959.0,1275.0,0.0,0.0,,0.0,0.0,
81,2013-07-01,31,PR,123,26706,0,NIOBRARA-CODELL,215.0,181.0,151.0,,245,59.2,2043.0,,30.0,,2013.0,1275.0,0.0,0.0,,0.0,0.0,
82,2013-06-01,30,PR,123,26706,0,NIOBRARA-CODELL,187.0,190.0,162.0,,215,59.6,2011.0,,29.0,,1982.0,1275.0,0.0,0.0,,0.0,0.0,
83,2013-05-01,31,PR,123,26706,0,NIOBRARA-CODELL,173.0,175.0,160.0,-1.0,187,58.5,2027.0,,30.0,,1997.0,1275.0,0.0,0.0,,0.0,0.0,
84,2013-04-01,30,PR,123,26706,0,NIOBRARA-CODELL,246.0,98.0,171.0,,173,57.2,1893.0,,29.0,,1864.0,1275.0,0.0,0.0,,0.0,0.0,
85,2013-03-01,31,PR,123,26706,0,NIOBRARA-CODELL,247.0,229.0,230.0,,246,54.6,1953.0,,30.0,,1923.0,1275.0,0.0,0.0,,0.0,0.0,
86,2013-02-01,28,PR,123,26706,0,NIOBRARA-CODELL,228.0,173.0,154.0,,247,57.5,1873.0,,27.0,,1846.0,1275.0,0.0,0.0,14.0,0.0,0.0,M
87,2013-01-01,31,PR,123,26706,0,NIOBRARA-CODELL,228.0,209.0,210.0,1.0,228,57.4,2230.0,,30.0,,2200.0,1275.0,0.0,0.0,11.0,0.0,0.0,M
88,2012-12-01,31,PR,123,26706,0,NIOBRARA-CODELL,129.0,163.0,64.0,,228,58.6,1946.0,,30.0,,1916.0,1275.0,0.0,0.0,10.0,0.0,0.0,M
89,2012-11-01,30,PR,123,26706,0,NIOBRARA-CODELL,202.0,182.0,255.0,,129,57.5,1987.0,,29.0,,1958.0,1275.0,0.0,0.0,,0.0,0.0,
90,2012-10-01,31,PR,123,26706,0,NIOBRARA-CODELL,237.0,170.0,205.0,,202,55.9,2088.0,,30.0,,2058.0,1275.0,0.0,0.0,,0.0,0.0,
91,2012-09-01,30,PR,123,26706,0,NIOBRARA-CODELL,182.0,190.0,136.0,1.0,237,57.8,2005.0,,29.0,,1976.0,1276.0,0.0,0.0,,0.0,0.0,
92,2012-08-01,31,PR,123,26706,0,NIOBRARA-CODELL,206.0,168.0,192.0,,182,59.7,2086.0,,30.0,,2056.0,1277.0,0.0,0.0,,0.0,0.0,
93,2012-07-01,31,PR,123,26706,0,NIOBRARA-CODELL,151.0,179.0,123.0,-1.0,206,57.4,2049.0,,30.0,,2019.0,1277.0,0.0,0.0,,0.0,0.0,
94,2012-06-01,30,PR,123,26706,0,NIOBRARA-CODELL,168.0,173.0,191.0,1.0,151,58.4,2033.0,,29.0,,2004.0,1277.0,0.0,0.0,,0.0,0.0,
95,2012-05-01,31,PR,123,26706,0,NIOBRARA-CODELL,164.0,199.0,195.0,,168,58.1,2211.0,,30.0,,2181.0,1276.0,0.0,0.0,,0.0,0.0,
96,2012-04-01,30,PR,123,26706,0,NIOBRARA-CODELL,180.0,181.0,197.0,,164,57.3,2247.0,,29.0,,2218.0,1276.0,0.0,0.0,,0.0,0.0,
97,2012-03-01,31,PR,123,26706,0,NIOBRARA-CODELL,176.0,207.0,202.0,-1.0,180,58.3,2331.0,,30.0,,2301.0,1277.0,0.0,0.0,,0.0,0.0,
98,2012-02-01,29,PR,123,26706,0,NIOBRARA-CODELL,124.0,199.0,147.0,,176,55.6,2243.0,,28.0,,2215.0,1277.0,0.0,0.0,16.0,0.0,0.0,M
99,2012-01-01,31,PR,123,26706,0,NIOBRARA-CODELL,106.0,234.0,216.0,,124,56.4,2346.0,,30.0,,2316.0,1276.0,0.0,0.0,,0.0,0.0,
100,2011-12-01,31,PR,123,26706,0,NIOBRARA-CODELL,150.0,232.0,276.0,,106,57.7,2659.0,,30.0,,2629.0,1276.0,0.0,0.0,11.0,0.0,0.0,M
101,2011-11-01,30,PR,123,26706,0,NIOBRARA-CODELL,125.0,266.0,241.0,,150,57.0,2537.0,,29.0,,2508.0,1276.0,0.0,0.0,,0.0,0.0,
102,2011-10-01,31,PR,123,26706,0,NIOBRARA-CODELL,135.0,204.0,214.0,,125,59.3,2190.0,,30.0,,2160.0,1277.0,0.0,0.0,,0.0,0.0,
103,2011-09-01,30,PR,123,26706,0,NIOBRARA-CODELL,167.0,183.0,216.0,1.0,135,59.0,2152.0,,29.0,,2123.0,1276.0,0.0,0.0,,0.0,0.0,
104,2011-08-01,31,PR,123,26706,0,NIOBRARA-CODELL,200.0,216.0,248.0,-1.0,167,58.4,2527.0,,30.0,,2497.0,1264.0,0.0,0.0,,0.0,0.0,
105,2011-07-01,31,PR,123,26706,0,NIOBRARA-CODELL,154.0,261.0,215.0,,200,58.1,2882.0,,30.0,,2852.0,1264.0,0.0,0.0,11.0,0.0,0.0,M
106,2011-06-01,30,PR,123,26706,0,NIOBRARA-CODELL,174.0,190.0,210.0,,154,59.6,2220.0,,29.0,,2191.0,1264.0,0.0,0.0,14.0,0.0,0.0,M
107,2011-05-01,31,PR,123,26706,0,NIOBRARA-CODELL,204.0,204.0,234.0,,174,59.0,2296.0,,30.0,,2266.0,1264.0,0.0,0.0,,0.0,0.0,
108,2011-04-01,30,PR,123,26706,0,NIOBRARA-CODELL,214.0,221.0,232.0,1.0,204,58.5,2667.0,,29.0,,2638.0,1264.0,0.0,0.0,24.0,0.0,0.0,M
109,2011-03-01,31,PR,123,26706,0,NIOBRARA-CODELL,210.0,255.0,251.0,,214,58.8,2737.0,,30.0,,2707.0,1264.0,0.0,0.0,12.0,0.0,0.0,M
110,2011-02-01,28,PR,123,26706,0,NIOBRARA-CODELL,158.0,232.0,181.0,1.0,210,58.6,2716.0,,27.0,,2689.0,1264.0,0.0,0.0,17.0,0.0,0.0,M
111,2011-01-01,31,PR,123,26706,0,NIOBRARA-CODELL,180.0,231.0,253.0,,158,58.3,2896.0,,30.0,,2866.0,1264.0,0.0,0.0,38.0,0.0,0.0,M
112,2010-12-01,31,PR,123,26706,0,NIOBRARA-CODELL,260.0,308.0,388.0,,180,58.5,3466.0,,30.0,,3436.0,1264.0,0.0,0.0,14.0,0.0,0.0,M
113,2010-11-01,30,PR,123,26706,0,NIOBRARA-CODELL,258.0,328.0,325.0,-1.0,260,58.1,3727.0,,29.0,,3698.0,1264.0,0.0,0.0,41.0,0.0,0.0,M
114,2010-10-01,31,PR,123,26706,0,NIOBRARA-CODELL,174.0,382.0,298.0,,258,58.0,4132.0,,30.0,,4102.0,1264.0,0.0,0.0,44.0,0.0,0.0,M
115,2010-09-01,30,PR,123,26706,0,NIOBRARA-CODELL,177.0,374.0,378.0,1.0,174,58.7,4160.0,,29.0,,4131.0,1264.0,0.0,0.0,42.0,0.0,0.0,M
116,2010-08-01,31,PR,123,26706,0,NIOBRARA-CODELL,152.0,338.0,313.0,,177,56.5,3860.0,,30.0,,3830.0,1266.0,0.0,0.0,25.0,0.0,0.0,M
117,2010-07-01,31,PR,123,26706,0,NIOBRARA-CODELL,233.0,352.0,433.0,,152,57.0,3978.0,,30.0,,3948.0,1266.0,0.0,0.0,40.0,0.0,0.0,M
118,2010-06-01,30,PR,123,26706,0,NIOBRARA-CODELL,193.0,369.0,330.0,1.0,233,56.6,4103.0,,29.0,,4074.0,1266.0,0.0,0.0,35.0,0.0,0.0,M
119,2010-05-01,31,PR,123,26706,0,NIOBRARA-CODELL,210.0,399.0,404.0,-12.0,193,56.0,4385.0,,30.0,,4355.0,1266.0,0.0,0.0,48.0,0.0,0.0,M
120,2010-04-01,30,PR,123,26706,0,NIOBRARA-CODELL,181.0,459.0,430.0,,210,57.4,4545.0,,29.0,,4516.0,1266.0,0.0,0.0,45.0,0.0,0.0,M
121,2010-03-01,31,PR,123,26706,0,NIOBRARA-CODELL,166.0,512.0,498.0,1.0,181,56.9,5110.0,,30.0,,5080.0,1266.0,0.0,0.0,,0.0,0.0,
122,2010-02-01,23,PR,123,26706,0,NIOBRARA-CODELL,299.0,466.0,598.0,-1.0,166,56.9,3915.0,,22.0,,3893.0,1266.0,0.0,0.0,,0.0,0.0,
123,2010-01-01,31,PR,123,26706,0,NIOBRARA-CODELL,264.0,600.0,566.0,1.0,299,56.8,2507.0,,30.0,,2477.0,1266.0,0.0,0.0,,0.0,0.0,
124,2009-12-01,31,PR,123,26706,0,NIOBRARA-CODELL,209.0,590.0,535.0,,264,58.0,5054.0,,29.0,,5025.0,1266.0,0.0,0.0,36.0,0.0,0.0,M
125,2009-11-01,30,PR,123,26706,0,NIOBRARA-CODELL,240.0,659.0,690.0,,209,57.7,5501.0,,29.0,,5472.0,1266.0,0.0,0.0,48.0,0.0,0.0,M
126,2009-10-01,31,PR,123,26706,0,NIOBRARA-CODELL,137.0,789.0,685.0,-1.0,240,57.9,6675.0,,30.0,,6645.0,1266.0,0.0,0.0,,0.0,0.0,
127,2009-09-01,30,PR,123,26706,0,NIOBRARA-CODELL,182.0,1222.0,1267.0,,137,56.5,9271.0,,29.0,,9242.0,1266.0,0.0,0.0,,0.0,0.0,
128,2009-08-01,21,PR,123,26706,0,NIOBRARA-CODELL,,1710.0,1525.0,-3.0,182,55.6,12479.0,,20.0,,12459.0,1189.0,0.0,0.0,,0.0,0.0,
