,First of Month,Days Produced,Well Status,API County,API Sequence,API Sidetrack,Formation,BOM Inventory,Oil Produced,Oil Sold,Oil Adjustment,EOM Inventory,Oil Gravity,Gas Produced,Gas Flared,Gas Used,Gas Shrinkage,Gas Sold,Gas BTU,Gas Tubing Pressure,Gas Casing Pressure,Water Volume,Water Tubing Pressure,Water Casing Pressure,Water Disp Code
0,2020-04-01,0.0,TA,123,29480,0,NIOBRARA-CODELL,,,,,,,,,,,,,,,,,,
1,2020-03-01,0.0,TA,123,29480,0,NIOBRARA-CODELL,,,,,,,,,,,,1000.0,,,,,,
2,2020-02-01,0.0,TA,123,29480,0,NIOBRARA-CODELL,,,,,,,,,,,,1000.0,,,,,,
3,2020-01-01,0.0,TA,123,29480,0,NIOBRARA-CODELL,,,,,,,,,,,,1000.0,,,,,,
4,2019-12-01,0.0,TA,123,29480,0,NIOBRARA-CODELL,,,,,,,,,,,,1000.0,,,,,,
5,2019-11-01,0.0,TA,123,29480,0,NIOBRARA-CODELL,,,,,,,,,,,,1000.0,,,,,,
6,2019-10-01,0.0,TA,123,29480,0,NIOBRARA-CODELL,,,,,,,,,,,,1000.0,,,,,,
7,2019-09-01,0.0,TA,123,29480,0,NIOBRARA-CODELL,,,,,,,,,,,,1000.0,,,,,,
8,2019-08-01,0.0,TA,123,29480,0,NIOBRARA-CODELL,,,,,,,,,,,,1000.0,,,,,,
9,2019-07-01,0.0,TA,123,29480,0,NIOBRARA-CODELL,,,,,,,,,,,,1000.0,,,,,,
10,2019-06-01,0.0,TA,123,29480,0,NIOBRARA-CODELL,,,,,,,,,,,,1000.0,,,,,,
11,2019-05-01,0.0,TA,123,29480,0,NIOBRARA-CODELL,,,,,,,,,,,,1000.0,,,,,,
12,2019-04-01,0.0,TA,123,29480,0,NIOBRARA-CODELL,,,,,,,,,,,,1000.0,,,,,,
13,2019-03-01,0.0,TA,123,29480,0,NIOBRARA-CODELL,,,,,,,,,,,,1000.0,,,,,,
14,2019-02-01,0.0,TA,123,29480,0,NIOBRARA-CODELL,,,,,,,,,,,,1000.0,,,,,,
15,2019-01-01,0.0,TA,123,29480,0,NIOBRARA-CODELL,,,,,,,,,,,,1000.0,,,,,,
16,2018-12-01,0.0,TA,123,29480,0,NIOBRARA-CODELL,,,,,,,,,,,,1000.0,,,,,,
17,2018-11-01,0.0,TA,123,29480,0,NIOBRARA-CODELL,,,,,,,,,,,,1000.0,,,,,,
18,2018-10-01,0.0,TA,123,29480,0,NIOBRARA-CODELL,,,,,,,,,,,,1000.0,,,,,,
19,2018-09-01,0.0,SI,123,29480,0,NIOBRARA-CODELL,,,,,,,,,,,,,,,,,,
20,2018-08-01,0.0,SI,123,29480,0,NIOBRARA-CODELL,,,,,,,,,,,,,,,,,,
21,2018-07-01,0.0,SI,123,29480,0,NIOBRARA-CODELL,,,,,,,,,,,,,,,,,,
22,2018-06-01,0.0,SI,123,29480,0,NIOBRARA-CODELL,,,,,,,,,,,,,,,,,,
23,2018-05-01,0.0,SI,123,29480,0,NIOBRARA-CODELL,,,,,,,,,,,,,,,,,,
24,2018-04-01,0.0,SI,123,29480,0,NIOBRARA-CODELL,,,,,,,,,,,,,,,,,,
25,2018-03-01,0.0,SI,123,29480,0,NIOBRARA-CODELL,,,,,,,,,,,,,,,,,,
26,2018-02-01,0.0,SI,123,29480,0,NIOBRARA-CODELL,,,,,,,,,,,,,,,,,,
27,2018-01-01,0.0,SI,123,29480,0,NIOBRARA-CODELL,,,,,,,,,,,,,,,,,,
28,2017-12-01,0.0,SI,123,29480,0,NIOBRARA-CODELL,,,,,,,,,,,,,,,,,,
29,2017-11-01,0.0,SI,123,29480,0,NIOBRARA-CODELL,,,,,,,,,,,,,,,,,,
30,2017-10-01,0.0,SI,123,29480,0,NIOBRARA-CODELL,,,,,,,,,,,,,,,,,,
31,2017-09-01,0.0,SI,123,29480,0,NIOBRARA-CODELL,9.0,,,-9.0,,,,,,,,,,,,,,
32,2017-08-01,0.0,SI,123,29480,0,NIOBRARA-CODELL,9.0,,,,9.0,,,,,,,,,,,,,
33,2017-07-01,0.0,SI,123,29480,0,NIOBRARA-CODELL,9.0,,,,9.0,,,,,,,,,,,,,
34,2017-06-01,0.0,SI,123,29480,0,NIOBRARA-CODELL,10.0,,,-1.0,9.0,,,,,,,,,,,,,
35,2017-05-01,1.0,PR,123,29480,0,NIOBRARA-CODELL,10.0,,,,10.0,,,,,,,,,,10.0,,,P
36,2017-04-01,0.0,SI,123,29480,0,NIOBRARA-CODELL,64.0,,,-54.0,10.0,,,,,,,,,,,,,
37,2017-03-01,1.0,PR,123,29480,0,NIOBRARA-CODELL,39.0,65.0,,-40.0,64.0,,,,,,,,,,,,,
38,2017-02-01,1.0,PR,123,29480,0,NIOBRARA-CODELL,15.0,106.0,,-82.0,39.0,,,,,,,,,,,,,
39,2017-01-01,1.0,PR,123,29480,0,NIOBRARA-CODELL,64.0,20.0,,-69.0,15.0,,,,,,,,,,,,,
40,2016-12-01,1.0,PR,123,29480,0,NIOBRARA-CODELL,60.0,108.0,,-104.0,64.0,,,,,,,,,,14.0,,,P
41,2016-11-01,1.0,PR,123,29480,0,NIOBRARA-CODELL,93.0,2.0,,-35.0,60.0,,,,,,,,,,,,,
42,2016-10-01,1.0,PR,123,29480,0,NIOBRARA-CODELL,11.0,82.0,,,93.0,,,,,,,,,,,,,
43,2016-09-01,0.0,SI,123,29480,0,NIOBRARA-CODELL,11.0,,,,11.0,,,,,,,,,,,,,
44,2016-08-01,1.0,PR,123,29480,0,NIOBRARA-CODELL,10.0,1.0,,,11.0,,,,,,,,,,,,,
45,2016-07-01,1.0,PR,123,29480,0,NIOBRARA-CODELL,12.0,,,-2.0,10.0,,,,,,,,,,13.0,,,P
46,2016-06-01,1.0,PR,123,29480,0,NIOBRARA-CODELL,12.0,,,,12.0,,,,,,,,,,25.0,,,P
47,2016-05-01,0.0,SI,123,29480,0,NIOBRARA-CODELL,12.0,,,,12.0,,,,,,,,,,,,,
48,2016-04-01,1.0,PR,123,29480,0,NIOBRARA-CODELL,15.0,2.0,,-5.0,12.0,,,,,,,,,,,,,
49,2016-03-01,0.0,SI,123,29480,0,NIOBRARA-CODELL,16.0,,,-1.0,15.0,,,,,,,,,,,,,
50,2016-02-01,1.0,PR,123,29480,0,NIOBRARA-CODELL,14.0,2.0,,,16.0,,,,,,,,,,,,,
51,2016-01-01,1.0,PR,123,29480,0,NIOBRARA-CODELL,1.0,14.0,,-1.0,14.0,,,,,,,,,,,,,
52,2015-12-01,1.0,PR,123,29480,0,NIOBRARA-CODELL,1.0,,,,1.0,,,,,,,,,,,,,
53,2015-11-01,1.0,PR,123,29480,0,NIOBRARA-CODELL,16.0,,,-15.0,1.0,,,,,,,,,,,,,
54,2015-10-01,1.0,PR,123,29480,0,NIOBRARA-CODELL,16.0,,,,16.0,,,,,,,,,,,,,
55,2015-09-01,2.0,PR,123,29480,0,NIOBRARA-CODELL,16.0,1.0,,-1.0,16.0,,,,,,,,,,,,,
56,2015-08-01,1.0,PR,123,29480,0,NIOBRARA-CODELL,16.0,1.0,,-1.0,16.0,,,,,,,,,,,,,
57,2015-07-01,1.0,PR,123,29480,0,NIOBRARA-CODELL,16.0,2.0,,-2.0,16.0,,,,,,,,,,,,,
58,2015-06-01,12.0,PR,123,29480,0,NIOBRARA-CODELL,17.0,,,-1.0,16.0,,,,,,,,,,,,,
59,2015-05-01,1.0,PR,123,29480,0,NIOBRARA-CODELL,91.0,4.0,78.0,,17.0,40.0,,,,,,,,,,,,
60,2015-04-01,4.0,PR,123,29480,0,NIOBRARA-CODELL,81.0,10.0,,,91.0,,,,,,,,,,,,,
61,2015-03-01,1.0,PR,123,29480,0,NIOBRARA-CODELL,21.0,60.0,,,81.0,,5.0,,,,5.0,1210.0,,,8.0,,,P
62,2015-02-01,1.0,PR,123,29480,0,NIOBRARA-CODELL,23.0,,,-2.0,21.0,,,,,,,,,,,,,
63,2015-01-01,2.0,PR,123,29480,0,NIOBRARA-CODELL,22.0,1.0,,,23.0,,,,,,,,,,,,,
64,2014-12-01,,SI,123,29480,0,NIOBRARA-CODELL,138.0,,116.0,,22.0,41.4,,,,,,,,,,,,
65,2014-11-01,,SI,123,29480,0,NIOBRARA-CODELL,140.0,,,-2.0,138.0,,,,,,,,,,,,,
66,2014-10-01,2.0,PR,123,29480,0,NIOBRARA-CODELL,145.0,,,-5.0,140.0,,,,,,,,,,29.0,,,P
67,2014-09-01,,SI,123,29480,0,NIOBRARA-CODELL,145.0,,,,145.0,,,,,,,,,,,,,
68,2014-08-01,1.0,PR,123,29480,0,NIOBRARA-CODELL,145.0,,,,145.0,,1.0,,,,1.0,1209.0,,,,,,
69,2014-07-01,1.0,PR,123,29480,0,NIOBRARA-CODELL,142.0,3.0,,,145.0,,,,,,,,,,,,,
70,2014-06-01,,SI,123,29480,0,NIOBRARA-CODELL,142.0,,,,142.0,,,,,,,,,,,,,
71,2014-05-01,1.0,PR,123,29480,0,NIOBRARA-CODELL,141.0,1.0,,,142.0,,,,,,,,,,117.0,,,P
72,2014-04-01,1.0,PR,123,29480,0,NIOBRARA-CODELL,134.0,7.0,,,141.0,,,,,,,,,,96.0,,,P
73,2014-03-01,1.0,PR,123,29480,0,NIOBRARA-CODELL,136.0,1.0,,-3.0,134.0,,,,,,,,,,,,,
74,2014-02-01,1.0,PR,123,29480,0,NIOBRARA-CODELL,139.0,,,-3.0,136.0,,,,,,,,,,,,,
75,2014-01-01,13.0,PR,123,29480,0,NIOBRARA-CODELL,12.0,127.0,,,139.0,,320.0,,,,320.0,1209.0,,,,,,
76,2013-12-01,31.0,PR,123,29480,0,NIOBRARA-CODELL,77.0,281.0,346.0,,12.0,44.3,447.0,,,,447.0,1209.0,,,54.0,,,P
77,2013-11-01,30.0,PR,123,29480,0,NIOBRARA-CODELL,73.0,296.0,292.0,,77.0,44.3,328.0,,,,328.0,1209.0,,,43.0,,,P
78,2013-10-01,31.0,PR,123,29480,0,NIOBRARA-CODELL,49.0,187.0,163.0,,73.0,44.3,148.0,,,,148.0,1209.0,,,18.0,,,P
79,2013-09-01,30.0,PR,123,29480,0,NIOBRARA-CODELL,38.0,261.0,250.0,,49.0,42.5,187.0,,,,187.0,1209.0,,,26.0,,,P
80,2013-08-01,29.0,PR,123,29480,0,NIOBRARA-CODELL,52.0,216.0,230.0,,38.0,42.3,,,,,,,,,,,,
81,2013-07-01,24.0,PR,123,29480,0,NIOBRARA-CODELL,47.0,125.0,120.0,,52.0,42.8,,,,,,,,,,,,
82,2013-06-01,19.0,PR,123,29480,0,NIOBRARA-CODELL,47.0,83.0,83.0,,47.0,42.0,93.0,,,,93.0,1209.0,,,,,,
83,2013-05-01,23.0,PR,123,29480,0,NIOBRARA-CODELL,106.0,172.0,231.0,,47.0,42.6,156.0,,,,156.0,1210.0,,,17.0,,,P
84,2013-04-01,1.0,PR,123,29480,0,NIOBRARA-CODELL,103.0,47.0,44.0,,106.0,50.0,3.0,,,,3.0,1211.0,,,,,,
85,2013-03-01,19.0,PR,123,29480,0,NIOBRARA-CODELL,43.0,100.0,40.0,,103.0,42.4,55.0,,,,55.0,1209.0,,,,,,
86,2013-02-01,7.0,PR,123,29480,0,NIOBRARA-CODELL,97.0,68.0,122.0,,43.0,42.3,23.0,,,,23.0,1266.0,,,7.0,,,P
87,2013-01-01,13.0,PR,123,29480,0,NIOBRARA-CODELL,69.0,28.0,,,97.0,,26.0,,,,26.0,1266.0,,,,,,
88,2012-12-01,16.0,PR,123,29480,0,NIOBRARA-CODELL,144.0,27.0,102.0,,69.0,41.6,17.0,,,,17.0,1266.0,,,27.0,,,P
89,2012-11-01,11.0,PR,123,29480,0,NIOBRARA-CODELL,61.0,83.0,,,144.0,,47.0,,,,47.0,1265.0,,,,,,
90,2012-10-01,23.0,PR,123,29480,0,NIOBRARA-CODELL,69.0,71.0,79.0,,61.0,41.0,38.0,,,,38.0,1265.0,,,,,,
91,2012-09-01,4.0,PR,123,29480,0,NIOBRARA-CODELL,37.0,32.0,,,69.0,,35.0,,,,35.0,1266.0,,,25.0,,,P
92,2012-08-01,24.0,PR,123,29480,0,NIOBRARA-CODELL,128.0,103.0,194.0,,37.0,40.9,73.0,,,,73.0,1266.0,,,49.0,,,P
93,2012-07-01,31.0,PR,123,29480,0,NIOBRARA-CODELL,27.0,101.0,,,128.0,,76.0,,,,76.0,1266.0,,,15.0,,,P
94,2012-06-01,30.0,PR,123,29480,0,NIOBRARA-CODELL,57.0,169.0,199.0,,27.0,40.8,160.0,,,,160.0,1266.0,,,39.0,,,P
95,2012-05-01,19.0,PR,123,29480,0,NIOBRARA-CODELL,81.0,222.0,246.0,,57.0,40.7,144.0,,,,144.0,1266.0,,,49.0,,,P
96,2012-04-01,15.0,PR,123,29480,0,NIOBRARA-CODELL,53.0,117.0,89.0,,81.0,41.0,89.0,,,,89.0,1266.0,,,30.0,,,P
97,2012-03-01,31.0,PR,123,29480,0,NIOBRARA-CODELL,56.0,161.0,164.0,,53.0,43.4,168.0,,,,168.0,1266.0,,,37.0,,,P
98,2012-02-01,20.0,PR,123,29480,0,NIOBRARA-CODELL,59.0,406.0,409.0,,56.0,41.0,263.0,,,,263.0,1266.0,,,50.0,,,P
99,2011-12-01,24.0,PR,123,29480,0,NIOBRARA-CODELL,52.0,192.0,104.0,,140.0,46.2,125.0,,,,125.0,1266.0,,,14.0,,,P
100,2011-11-01,30.0,PR,123,29480,0,NIOBRARA-CODELL,50.0,88.0,86.0,,52.0,47.1,220.0,,,,220.0,1266.0,,,58.0,,,P
101,2011-10-01,21.0,PR,123,29480,0,NIOBRARA-CODELL,83.0,260.0,293.0,,50.0,46.1,926.0,,,,926.0,1266.0,,,59.0,,,P
102,2011-09-01,30.0,PR,123,29480,0,NIOBRARA-CODELL,61.0,483.0,461.0,,83.0,43.6,1468.0,,,,1468.0,1266.0,,,125.0,,,P
103,2011-08-01,17.0,PR,123,29480,0,NIOBRARA-CODELL,82.0,214.0,235.0,,61.0,41.6,317.0,,,,317.0,1266.0,,,27.0,,,P
104,2011-07-01,19.0,PR,123,29480,0,NIOBRARA-CODELL,65.0,331.0,314.0,,82.0,42.5,438.0,,,,438.0,1266.0,,,16.0,,,P
105,2011-06-01,22.0,PR,123,29480,0,NIOBRARA-CODELL,93.0,266.0,294.0,,65.0,43.3,304.0,,,,304.0,1266.0,,,42.0,,,I
106,2011-05-01,29.0,PR,123,29480,0,NIOBRARA-CODELL,53.0,454.0,414.0,,93.0,46.6,545.0,,,,545.0,1266.0,,,,,,
107,2011-04-01,26.0,PR,123,29480,0,NIOBRARA-CODELL,39.0,493.0,479.0,,53.0,43.2,491.0,,,,491.0,1266.0,,,43.0,,,P
108,2011-03-01,23.0,PR,123,29480,0,NIOBRARA-CODELL,10.0,784.0,754.0,-1.0,39.0,42.1,521.0,,,,521.0,1266.0,,,23.0,,,P
109,2011-02-01,13.0,PR,123,29480,0,NIOBRARA-CODELL,,450.0,440.0,,10.0,43.8,288.0,,,,288.0,1266.0,,,,,,
