,First of Month,Days Produced,Well Status,API County,API Sequence,API Sidetrack,Formation,BOM Inventory,Oil Produced,Oil Sold,Oil Adjustment,EOM Inventory,Oil Gravity,Gas Produced,Gas Flared,Gas Used,Gas Shrinkage,Gas Sold,Gas BTU,Gas Tubing Pressure,Gas Casing Pressure,Water Volume,Water Tubing Pressure,Water Casing Pressure,Water Disp Code
0,2020-04-01,0.0,SI,123,29765,0,NIOBRARA-CODELL,16.0,,,,16,,,,,,,,,,,,,
1,2020-03-01,0.0,SI,123,29765,0,NIOBRARA-CODELL,16.0,,,,16,,,,,,,,,,,,,
2,2020-02-01,0.0,SI,123,29765,0,NIOBRARA-CODELL,16.0,,,,16,,,,,,,,,,,,,
3,2020-01-01,0.0,SI,123,29765,0,NIOBRARA-CODELL,16.0,,,,16,,,,,,,,,,,,,
4,2019-12-01,0.0,SI,123,29765,0,NIOBRARA-CODELL,16.0,,,,16,,,,,,,,,,,,,
5,2019-11-01,0.0,SI,123,29765,0,NIOBRARA-CODELL,16.0,,,,16,,,,,,,,,,,,,
6,2019-10-01,0.0,SI,123,29765,0,NIOBRARA-CODELL,16.0,,,,16,,,,,,,,,,,,,
7,2019-09-01,0.0,SI,123,29765,0,NIOBRARA-CODELL,16.0,,,,16,,,,,,,,,,,,,
8,2019-08-01,0.0,SI,123,29765,0,NIOBRARA-CODELL,16.0,,,,16,,,,,,,,,,,,,
9,2019-07-01,0.0,SI,123,29765,0,NIOBRARA-CODELL,35.0,,18.0,-1.0,16,46.3,,,,,,,,,,,,
10,2019-06-01,0.0,SI,123,29765,0,NIOBRARA-CODELL,35.0,,,,35,,,,,,,,,,,,,
11,2019-05-01,0.0,SI,123,29765,0,NIOBRARA-CODELL,40.0,,,-5.0,35,,,,,,,,,,,,,
12,2019-04-01,0.0,SI,123,29765,0,NIOBRARA-CODELL,40.0,,,,40,,,,,,,,,,,,,
13,2019-03-01,0.0,SI,123,29765,0,NIOBRARA-CODELL,40.0,,,,40,,,,,,,,,,,,,
14,2019-02-01,6.0,PR,123,29765,0,NIOBRARA-CODELL,85.0,2.0,47.0,,40,57.6,,,,,,,,,,,,
15,2019-01-01,31.0,PR,123,29765,0,NIOBRARA-CODELL,66.0,19.0,,,85,,104.0,,,,104.0,1293.0,,,,,,
16,2018-12-01,31.0,PR,123,29765,0,NIOBRARA-CODELL,46.0,69.0,49.0,,66,54.4,950.0,,,,950.0,1293.0,,,,,,
17,2018-11-01,30.0,PR,123,29765,0,NIOBRARA-CODELL,74.0,63.0,91.0,,46,56.7,902.0,,,,902.0,1315.0,,,,,,
18,2018-10-01,25.0,PR,123,29765,0,NIOBRARA-CODELL,74.0,67.0,67.0,,74,55.4,831.0,,,,831.0,1315.0,,,,,,
19,2018-09-01,27.0,PR,123,29765,0,NIOBRARA-CODELL,37.0,37.0,,,74,,1127.0,,,,1127.0,1315.0,,,,,,
20,2018-08-01,5.0,PR,123,29765,0,NIOBRARA-CODELL,38.0,1.0,,-2.0,37,,49.0,,,,49.0,1315.0,,,43.0,,,I
21,2018-07-01,0.0,SI,123,29765,0,NIOBRARA-CODELL,38.0,,,,38,,,,,,,,,,,,,
22,2018-06-01,6.0,PR,123,29765,0,NIOBRARA-CODELL,39.0,,,-1.0,38,,33.0,,,,33.0,1315.0,,,,,,
23,2018-05-01,30.0,PR,123,29765,0,NIOBRARA-CODELL,37.0,11.0,9.0,,39,55.8,262.0,,,,262.0,1315.0,,,,,,
24,2018-04-01,30.0,PR,123,29765,0,NIOBRARA-CODELL,58.0,43.0,64.0,,37,57.0,207.0,,,,207.0,1315.0,,,,,,
25,2018-03-01,10.0,PR,123,29765,0,NIOBRARA-CODELL,45.0,13.0,,,58,,67.0,,,,67.0,1315.0,,,,,,
26,2018-02-01,2.0,PR,123,29765,0,NIOBRARA-CODELL,39.0,6.0,,,45,,3.0,,,,3.0,1315.0,,,,,,
27,2018-01-01,20.0,PR,123,29765,0,NIOBRARA-CODELL,19.0,20.0,,,39,,305.0,,,,305.0,1315.0,,,,,,
28,2017-12-01,23.0,PR,123,29765,0,NIOBRARA-CODELL,21.0,39.0,41.0,,19,59.3,1068.0,,,,1068.0,1315.0,,,,,,
29,2017-11-01,0.0,SI,123,29765,0,NIOBRARA-CODELL,21.0,,,,21,,,,,,,,,,,,,
30,2017-10-01,3.0,PR,123,29765,0,NIOBRARA-CODELL,52.0,4.0,35.0,,21,57.6,37.0,,,,37.0,1315.0,,,,,,
31,2017-09-01,28.0,PR,123,29765,0,NIOBRARA-CODELL,34.0,18.0,,,52,,505.0,,,,505.0,1315.0,,,,,,
32,2017-08-01,30.0,PR,123,29765,0,NIOBRARA-CODELL,31.0,44.0,41.0,,34,55.0,636.0,,,,636.0,1315.0,,,20.0,,,I
33,2017-07-01,25.0,PR,123,29765,0,NIOBRARA-CODELL,76.0,60.0,105.0,,31,53.6,692.0,,,,692.0,1315.0,,,,,,
34,2017-06-01,27.0,PR,123,29765,0,NIOBRARA-CODELL,70.0,47.0,41.0,,76,54.9,509.0,,,,509.0,1315.0,,,,,,
35,2017-05-01,28.0,PR,123,29765,0,NIOBRARA-CODELL,59.0,88.0,77.0,,70,55.4,654.0,,,,654.0,1315.0,,,,,,
36,2017-04-01,26.0,PR,123,29765,0,NIOBRARA-CODELL,59.0,82.0,82.0,,59,55.9,711.0,,,,711.0,1315.0,,,23.0,,,I
37,2017-03-01,31.0,PR,123,29765,0,NIOBRARA-CODELL,29.0,93.0,63.0,,59,55.2,720.0,,,,720.0,1315.0,,,,,,
38,2017-02-01,16.0,PR,123,29765,0,NIOBRARA-CODELL,43.0,47.0,61.0,,29,55.2,477.0,,,,477.0,1315.0,,,,,,
39,2017-01-01,22.0,PR,123,29765,0,NIOBRARA-CODELL,32.0,89.0,78.0,,43,55.6,669.0,,,,669.0,1315.0,,,28.0,,,I
40,2016-12-01,31.0,PR,123,29765,0,NIOBRARA-CODELL,76.0,136.0,180.0,,32,51.1,913.0,,,,913.0,1315.0,,,,,,
41,2016-11-01,30.0,PR,123,29765,0,NIOBRARA-CODELL,74.0,130.0,128.0,,76,53.2,917.0,,,,917.0,1315.0,,,,,,
42,2016-10-01,31.0,PR,123,29765,0,NIOBRARA-CODELL,24.0,171.0,121.0,,74,55.6,947.0,,,,947.0,1315.0,,,,,,
43,2016-09-01,30.0,PR,123,29765,0,NIOBRARA-CODELL,42.0,77.0,95.0,,24,48.6,951.0,,,,951.0,1315.0,,,27.0,,,I
44,2016-08-01,31.0,PR,123,29765,0,NIOBRARA-CODELL,76.0,79.0,113.0,,42,54.5,931.0,,,,931.0,1315.0,,,,,,
45,2016-07-01,31.0,PR,123,29765,0,NIOBRARA-CODELL,83.0,96.0,103.0,,76,55.1,859.0,,,,859.0,1315.0,,,,,,
46,2016-06-01,30.0,PR,123,29765,0,NIOBRARA-CODELL,34.0,93.0,44.0,,83,56.1,890.0,,,,890.0,1315.0,,,,,,
47,2016-05-01,31.0,PR,123,29765,0,NIOBRARA-CODELL,46.0,105.0,117.0,,34,55.8,1060.0,,,,1060.0,1315.0,,,25.0,,,I
48,2016-04-01,23.0,PR,123,29765,0,NIOBRARA-CODELL,31.0,85.0,70.0,,46,55.0,1010.0,,,,1010.0,1315.0,,,,,,
49,2016-03-01,31.0,PR,123,29765,0,NIOBRARA-CODELL,98.0,105.0,172.0,,31,54.0,525.0,,,,525.0,1315.0,,,26.0,,,I
50,2016-02-01,28.0,PR,123,29765,0,NIOBRARA-CODELL,65.0,185.0,152.0,,98,54.4,889.0,,,,889.0,1315.0,,,,,,
51,2016-01-01,31.0,PR,123,29765,0,NIOBRARA-CODELL,83.0,115.0,133.0,,65,55.1,1048.0,,,,1048.0,1315.0,,,,,,
52,2015-12-01,31.0,PR,123,29765,0,NIOBRARA-CODELL,52.0,121.0,90.0,,83,56.1,1078.0,,,,1078.0,1315.0,,,34.0,,,I
53,2015-11-01,28.0,PR,123,29765,0,NIOBRARA-CODELL,51.0,97.0,96.0,,52,57.0,975.0,,,,975.0,1315.0,,,,,,
54,2015-10-01,31.0,PR,123,29765,0,NIOBRARA-CODELL,82.0,115.0,146.0,,51,55.5,1124.0,,,,1124.0,1315.0,,,,,,
55,2015-09-01,30.0,PR,123,29765,0,NIOBRARA-CODELL,25.0,171.0,114.0,,82,54.5,1171.0,,,,1171.0,1315.0,,,34.0,,,I
56,2015-08-01,31.0,PR,123,29765,0,NIOBRARA-CODELL,20.0,26.0,21.0,,25,52.8,1345.0,,,,1345.0,1315.0,,,,,,
57,2015-07-01,31.0,PR,123,29765,0,NIOBRARA-CODELL,33.0,25.0,38.0,,20,52.3,1144.0,,,,1144.0,1315.0,,,,,,
58,2015-06-01,30.0,PR,123,29765,0,NIOBRARA-CODELL,39.0,6.0,12.0,,33,59.9,1039.0,,,,1039.0,1315.0,,,,,,
59,2015-05-01,28.0,PR,123,29765,0,NIOBRARA-CODELL,33.0,6.0,,,39,,712.0,,,,712.0,1315.0,,,,,,
60,2015-04-01,27.0,PR,123,29765,0,NIOBRARA-CODELL,189.0,39.0,195.0,,33,63.1,917.0,,,,917.0,1315.0,,,43.0,,,I
61,2015-03-01,16.0,PR,123,29765,0,NIOBRARA-CODELL,156.0,33.0,,,189,,888.0,,,,888.0,1315.0,,,,,,
62,2015-02-01,,SI,123,29765,0,NIOBRARA-CODELL,156.0,,,,156,,,,,,,,,,,,,
63,2015-01-01,3.0,PR,123,29765,0,NIOBRARA-CODELL,156.0,,,,156,,,,,,,,,,,,,
64,2014-12-01,27.0,PR,123,29765,0,NIOBRARA-CODELL,133.0,23.0,,,156,,529.0,,,,529.0,1315.0,,,,,,
65,2014-11-01,28.0,PR,123,29765,0,NIOBRARA-CODELL,92.0,41.0,,,133,,872.0,,,,872.0,1315.0,,,,,,
66,2014-10-01,31.0,PR,123,29765,0,NIOBRARA-CODELL,56.0,36.0,,,92,,1036.0,,,,1036.0,1315.0,,,,,,
67,2014-09-01,30.0,PR,123,29765,0,NIOBRARA-CODELL,23.0,33.0,,,56,,852.0,,,,852.0,1315.0,,,,,,
68,2014-08-01,31.0,PR,123,29765,0,NIOBRARA-CODELL,163.0,42.0,182.0,,23,61.5,1057.0,,,,1057.0,1315.0,,,41.0,,,I
69,2014-07-01,31.0,PR,123,29765,0,NIOBRARA-CODELL,124.0,39.0,,,163,,962.0,,,,962.0,1315.0,,,,,,
70,2014-06-01,30.0,PR,123,29765,0,NIOBRARA-CODELL,81.0,43.0,,,124,,1063.0,,,,1063.0,1315.0,,,,,,
71,2014-05-01,31.0,PR,123,29765,0,NIOBRARA-CODELL,42.0,39.0,,,81,,850.0,,,,850.0,1315.0,,,,,,
72,2014-04-01,30.0,PR,123,29765,0,NIOBRARA-CODELL,183.0,49.0,190.0,,42,51.6,1041.0,,,,1041.0,1315.0,,,40.0,,,I
73,2014-03-01,31.0,PR,123,29765,0,NIOBRARA-CODELL,125.0,58.0,,,183,,1071.0,,,,1071.0,1315.0,,,,,,
74,2014-02-01,28.0,PR,123,29765,0,NIOBRARA-CODELL,63.0,62.0,,,125,,1060.0,,,,1060.0,1315.0,,,,,,
75,2014-01-01,31.0,PR,123,29765,0,NIOBRARA-CODELL,176.0,57.0,170.0,,63,58.4,1170.0,,,,1170.0,1315.0,,,33.0,,,I
76,2013-12-01,31.0,PR,123,29765,0,NIOBRARA-CODELL,124.0,52.0,,,176,,1154.0,,,,1154.0,1315.0,,,25.0,,,I
77,2013-11-01,30.0,PR,123,29765,0,NIOBRARA-CODELL,57.0,67.0,,,124,,1258.0,,,,1258.0,1315.0,,,,,,
78,2013-10-01,31.0,PR,123,29765,0,NIOBRARA-CODELL,168.0,83.0,194.0,,57,61.6,1329.0,,,,1329.0,1315.0,,,,,,
79,2013-09-01,30.0,PR,123,29765,0,NIOBRARA-CODELL,115.0,53.0,,,168,,1191.0,,,,1191.0,1315.0,,,34.0,,,I
80,2013-08-01,31.0,PR,123,29765,0,NIOBRARA-CODELL,66.0,49.0,,,115,,1193.0,,,,1193.0,1315.0,,,,,,
81,2013-07-01,18.0,PR,123,29765,0,NIOBRARA-CODELL,43.0,23.0,,,66,,695.0,,,,695.0,1315.0,,,,,,
82,2013-06-01,30.0,PR,123,29765,0,NIOBRARA-CODELL,188.0,37.0,182.0,,43,60.1,1022.0,,,,1022.0,1315.0,,,37.0,,,I
83,2013-05-01,31.0,PR,123,29765,0,NIOBRARA-CODELL,139.0,49.0,,,188,,1189.0,,,,1189.0,1315.0,,,,,,
84,2013-04-01,30.0,PR,123,29765,0,NIOBRARA-CODELL,81.0,58.0,,,139,,1221.0,,,,1221.0,1315.0,,,24.0,,,I
85,2013-03-01,31.0,PR,123,29765,0,NIOBRARA-CODELL,224.0,68.0,211.0,,81,62.6,1249.0,,,,1249.0,1324.0,,,,,,
86,2013-02-01,28.0,PR,123,29765,0,NIOBRARA-CODELL,162.0,62.0,,,224,,1186.0,,,,1186.0,1324.0,,,37.0,,,I
87,2013-01-01,30.0,PR,123,29765,0,NIOBRARA-CODELL,92.0,70.0,,,162,,1299.0,,,,1299.0,1324.0,,,,,,
88,2012-12-01,31.0,PR,123,29765,0,NIOBRARA-CODELL,224.0,74.0,206.0,,92,62.6,1411.0,,,,1411.0,1324.0,,,33.0,,,I
89,2012-11-01,30.0,PR,123,29765,0,NIOBRARA-CODELL,155.0,69.0,,,224,,1420.0,,,,1420.0,1324.0,,,,,,
90,2012-10-01,31.0,PR,123,29765,0,NIOBRARA-CODELL,86.0,69.0,,,155,,1484.0,,,,1484.0,1324.0,,,,,,
91,2012-09-01,30.0,PR,123,29765,0,NIOBRARA-CODELL,213.0,52.0,179.0,,86,60.7,1309.0,,,,1309.0,1324.0,,,45.0,,,I
92,2012-08-01,31.0,PR,123,29765,0,NIOBRARA-CODELL,163.0,50.0,,,213,,1337.0,,,,1337.0,1324.0,,,,,,
93,2012-07-01,31.0,PR,123,29765,0,NIOBRARA-CODELL,112.0,51.0,,,163,,1391.0,,,,1391.0,1324.0,,,29.0,,,I
94,2012-06-01,30.0,PR,123,29765,0,NIOBRARA-CODELL,59.0,53.0,,,112,,1316.0,,,,1316.0,1324.0,,,,,,
95,2012-05-01,31.0,PR,123,29765,0,NIOBRARA-CODELL,172.0,79.0,192.0,,59,61.1,1609.0,,,,1609.0,1324.0,,,22.0,,,I
96,2012-04-01,30.0,PR,123,29765,0,NIOBRARA-CODELL,122.0,50.0,,,172,,1370.0,,,,1370.0,1324.0,,,,,,
97,2012-03-01,31.0,PR,123,29765,0,NIOBRARA-CODELL,43.0,79.0,,,122,,1757.0,,,,1757.0,1312.0,,,34.0,,,I
98,2012-02-01,29.0,PR,123,29765,0,NIOBRARA-CODELL,137.0,101.0,194.0,-1.0,43,61.3,1807.0,,,,1807.0,1312.0,,,36.0,,,I
99,2012-01-01,30.0,PR,123,29765,0,NIOBRARA-CODELL,34.0,103.0,,,137,,1937.0,,,,1937.0,1312.0,,,,,,
100,2011-12-01,28.0,PR,123,29765,0,NIOBRARA-CODELL,140.0,91.0,197.0,,34,62.2,1731.0,,,,1731.0,1312.0,,,35.0,,,I
101,2011-11-01,30.0,PR,123,29765,0,NIOBRARA-CODELL,35.0,105.0,,,140,,1867.0,,,,1867.0,1312.0,,,29.0,,,I
102,2011-10-01,31.0,PR,123,29765,0,NIOBRARA-CODELL,110.0,110.0,185.0,,35,60.8,1932.0,,,,1932.0,1312.0,,,,,,
103,2011-09-01,30.0,PR,123,29765,0,NIOBRARA-CODELL,184.0,108.0,181.0,-1.0,110,58.7,1923.0,,,,1923.0,1312.0,,,35.0,,,I
104,2011-08-01,31.0,PR,123,29765,0,NIOBRARA-CODELL,77.0,107.0,,,184,,2058.0,,,,2058.0,1312.0,,,35.0,,,I
105,2011-07-01,28.0,PR,123,29765,0,NIOBRARA-CODELL,185.0,78.0,186.0,,77,58.7,1871.0,,,,1871.0,1312.0,,,,,,
106,2011-06-01,30.0,PR,123,29765,0,NIOBRARA-CODELL,85.0,100.0,,,185,,1993.0,,,,1993.0,1311.0,,,26.0,,,I
107,2011-05-01,31.0,PR,123,29765,0,NIOBRARA-CODELL,196.0,88.0,199.0,,85,60.3,1939.0,,,,1939.0,1311.0,,,,,,
108,2011-04-01,30.0,PR,123,29765,0,NIOBRARA-CODELL,89.0,107.0,,,196,,2163.0,,,,2163.0,1312.0,,,30.0,,,I
109,2011-03-01,31.0,PR,123,29765,0,NIOBRARA-CODELL,157.0,126.0,194.0,,89,63.7,2462.0,,,,2462.0,1214.0,,,25.0,,,I
110,2011-02-01,27.0,PR,123,29765,0,NIOBRARA-CODELL,27.0,130.0,,,157,,2382.0,,,,2382.0,1214.0,,,35.0,,,I
111,2011-01-01,31.0,PR,123,29765,0,NIOBRARA-CODELL,62.0,157.0,192.0,,27,64.1,2797.0,,,,2797.0,1214.0,,,29.0,,,I
112,2010-12-01,31.0,PR,123,29765,0,NIOBRARA-CODELL,109.0,140.0,187.0,,62,61.1,2902.0,,,,2902.0,1214.0,,,28.0,,,I
113,2010-11-01,30.0,PR,123,29765,0,NIOBRARA-CODELL,133.0,158.0,182.0,,109,64.2,2971.0,,,,2971.0,1214.0,,,15.0,,,I
114,2010-10-01,31.0,PR,123,29765,0,NIOBRARA-CODELL,159.0,160.0,186.0,,133,59.5,3095.0,,,,3095.0,1214.0,,,28.0,,,I
115,2010-09-01,30.0,PR,123,29765,0,NIOBRARA-CODELL,169.0,176.0,186.0,,159,40.0,3203.0,,,,3203.0,1214.0,,,53.0,,,I
116,2010-08-01,31.0,PR,123,29765,0,NIOBRARA-CODELL,186.0,161.0,178.0,,169,50.0,3358.0,,,,3358.0,1214.0,,,34.0,,,I
117,2010-07-01,31.0,PR,123,29765,0,NIOBRARA-CODELL,179.0,198.0,191.0,,186,51.0,3804.0,,,,3804.0,1214.0,,,59.0,,,I
118,2010-06-01,30.0,PR,123,29765,0,NIOBRARA-CODELL,121.0,225.0,167.0,,179,55.0,4085.0,,,,4085.0,1214.0,,,20.0,,,I
119,2010-05-01,31.0,PR,123,29765,0,NIOBRARA-CODELL,27.0,294.0,199.0,,121,59.0,4241.0,,,,4241.0,1214.0,,,61.0,,,I
120,2010-04-01,30.0,PR,123,29765,0,NIOBRARA-CODELL,28.0,279.0,280.0,,27,60.0,4282.0,,,,4282.0,1214.0,,,25.0,,,I
121,2010-03-01,23.0,PR,123,29765,0,NIOBRARA-CODELL,234.0,166.0,371.0,,28,59.0,2390.0,,,,2390.0,1314.0,,,64.0,,,I
122,2010-02-01,23.0,PR,123,29765,0,NIOBRARA-CODELL,96.0,272.0,134.0,,234,66.0,3795.0,,,,3795.0,1314.0,,,45.0,,,I
123,2010-01-01,25.0,PR,123,29765,0,NIOBRARA-CODELL,129.0,297.0,330.0,,96,66.0,4311.0,,,,4311.0,1314.0,,,16.0,,,I
124,2009-12-01,18.0,PR,123,29765,0,NIOBRARA-CODELL,128.0,381.0,380.0,,129,60.0,4810.0,,,,4810.0,1314.0,,,143.0,,,I
125,2009-11-01,18.0,PR,123,29765,0,NIOBRARA-CODELL,173.0,282.0,327.0,,128,57.0,2928.0,,,,2928.0,1314.0,,,,,,
126,2009-10-01,31.0,PR,123,29765,0,NIOBRARA-CODELL,152.0,415.0,395.0,,173,54.0,3983.0,,,,3983.0,1314.0,,,52.0,,,I
127,2009-09-01,30.0,PR,123,29765,0,NIOBRARA-CODELL,141.0,307.0,296.0,,152,52.0,3324.0,,,,3324.0,1314.0,,,18.0,,,I
128,2009-08-01,31.0,PR,123,29765,0,NIOBRARA-CODELL,177.0,416.0,452.0,,141,52.0,4070.0,,,,4070.0,1314.0,,,,,,
129,2009-07-01,31.0,PR,123,29765,0,NIOBRARA-CODELL,150.0,570.0,544.0,,177,53.0,5637.0,,,,5637.0,1291.0,,,,,,
130,2009-06-01,30.0,PR,123,29765,0,NIOBRARA-CODELL,27.0,752.0,629.0,,150,53.0,8713.0,,,,8713.0,1291.0,,,17.0,,,I
131,2009-05-01,30.0,PR,123,29765,0,NIOBRARA-CODELL,135.0,817.0,925.0,,27,55.0,10713.0,,,,10713.0,1291.0,,,35.0,,,I
132,2009-04-01,8.0,PR,123,29765,0,NIOBRARA-CODELL,,396.0,261.0,,135,51.0,2456.0,,,,2456.0,1205.0,,,,,,
