,First of Month,Days Produced,Well Status,API County,API Sequence,API Sidetrack,Formation,BOM Inventory,Oil Produced,Oil Sold,Oil Adjustment,EOM Inventory,Oil Gravity,Gas Produced,Gas Flared,Gas Used,Gas Shrinkage,Gas Sold,Gas BTU,Gas Tubing Pressure,Gas Casing Pressure,Water Volume,Water Tubing Pressure,Water Casing Pressure,Water Disp Code
0,2020-04-01,,TA,123,31721,0,NIOBRARA-CODELL,10.0,,,,10.0,,,,,,,,,,,,,
1,2020-03-01,,TA,123,31721,0,NIOBRARA-CODELL,10.0,,,,10.0,,,,,,,,,,,,,
2,2020-02-01,,TA,123,31721,0,NIOBRARA-CODELL,10.0,,,,10.0,,,,,,,,,,,,,
3,2020-01-01,,TA,123,31721,0,NIOBRARA-CODELL,10.0,,,,10.0,,,,,,,,,,,,,
4,2019-12-01,,TA,123,31721,0,NIOBRARA-CODELL,10.0,,,,10.0,,,,,,,,,,,,,
5,2019-11-01,,TA,123,31721,0,NIOBRARA-CODELL,10.0,,,,10.0,,,,,,,,,,,,,
6,2019-10-01,,TA,123,31721,0,NIOBRARA-CODELL,10.0,,,,10.0,,,,,,,,,,,,,
7,2019-09-01,,TA,123,31721,0,NIOBRARA-CODELL,10.0,,,,10.0,,,,,,,,,,,,,
8,2019-08-01,,TA,123,31721,0,NIOBRARA-CODELL,10.0,,,,10.0,,,,,,,,,,,,,
9,2019-07-01,,TA,123,31721,0,NIOBRARA-CODELL,10.0,,,,10.0,,,,,,,,,,,,,
10,2019-06-01,,TA,123,31721,0,NIOBRARA-CODELL,10.0,,,,10.0,,,,,,,,,,,,,
11,2019-05-01,,TA,123,31721,0,NIOBRARA-CODELL,10.0,,,,10.0,,,,,,,,,,,,,
12,2019-04-01,,TA,123,31721,0,NIOBRARA-CODELL,10.0,,,,10.0,,,,,,,,,,,,,
13,2019-03-01,,TA,123,31721,0,NIOBRARA-CODELL,10.0,,,,10.0,,,,,,,,,,,,,
14,2019-02-01,,TA,123,31721,0,NIOBRARA-CODELL,10.0,,,,10.0,,,,,,,,,,,,,
15,2019-01-01,,TA,123,31721,0,NIOBRARA-CODELL,20.0,,10.0,,10.0,44.2,,,,,,,,,,,,
16,2018-12-01,,TA,123,31721,0,NIOBRARA-CODELL,28.0,,8.0,,20.0,47.0,,,,,,,,,,,,
17,2018-11-01,,TA,123,31721,0,NIOBRARA-CODELL,28.0,,,,28.0,,,,,,,,,,,,,
18,2018-10-01,,TA,123,31721,0,NIOBRARA-CODELL,28.0,,,,28.0,,,,,,,,,,,,,
19,2018-09-01,,TA,123,31721,0,NIOBRARA-CODELL,28.0,,,,28.0,,,,,,,,,,,,,
20,2018-08-01,,TA,123,31721,0,NIOBRARA-CODELL,28.0,,,,28.0,,,,,,,,,,,,,
21,2018-07-01,,TA,123,31721,0,NIOBRARA-CODELL,28.0,,,,28.0,,,,,,,,,,,,,
22,2018-06-01,,TA,123,31721,0,NIOBRARA-CODELL,169.0,,139.0,-2.0,28.0,42.3,,,,,,,,,,,,
23,2018-05-01,,TA,123,31721,0,NIOBRARA-CODELL,169.0,,,,169.0,,,,,,,,,,,,,
24,2018-04-01,,TA,123,31721,0,NIOBRARA-CODELL,169.0,,,,169.0,,,,,,,,,,,,,
25,2018-03-01,,TA,123,31721,0,NIOBRARA-CODELL,169.0,,,,169.0,,,,,,,,,,,,,
26,2018-02-01,,TA,123,31721,0,NIOBRARA-CODELL,169.0,,,,169.0,,,,,,,,,,,,,
27,2018-01-01,,TA,123,31721,0,NIOBRARA-CODELL,169.0,,,,169.0,,,,,,,,,,,,,
28,2017-12-01,,TA,123,31721,0,NIOBRARA-CODELL,169.0,,,,169.0,,,,,,,,,,,,,
29,2017-11-01,,TA,123,31721,0,NIOBRARA-CODELL,169.0,,,,169.0,,,,,,,,,,,,,
30,2017-10-01,,TA,123,31721,0,NIOBRARA-CODELL,169.0,,,,169.0,,,,,,,,,,,,,
31,2017-09-01,,TA,123,31721,0,NIOBRARA-CODELL,169.0,,,,169.0,,,,,,,,,,,,,
32,2017-08-01,,SI,123,31721,0,NIOBRARA-CODELL,169.0,,,,169.0,,,,,,,,,,,,,
33,2017-07-01,,SI,123,31721,0,NIOBRARA-CODELL,169.0,,,,169.0,,,,,,,,,,,,,
34,2017-06-01,5.0,PR,123,31721,0,NIOBRARA-CODELL,162.0,7.0,,,169.0,,1.0,,,,1.0,1369.0,,,23.0,,,M
35,2017-05-01,31.0,PR,123,31721,0,NIOBRARA-CODELL,162.0,,,,162.0,,,,,,,1000.0,,,12.0,,,M
36,2017-04-01,30.0,PR,123,31721,0,NIOBRARA-CODELL,162.0,,,,162.0,,,,,,,1000.0,,,21.0,,,M
37,2017-03-01,30.0,PR,123,31721,0,NIOBRARA-CODELL,162.0,,,,162.0,,,,,,,1000.0,,,27.0,,,M
38,2017-02-01,28.0,PR,123,31721,0,NIOBRARA-CODELL,145.0,17.0,,,162.0,,45.0,,,,45.0,1346.0,,,14.0,,,M
39,2017-01-01,,SI,123,31721,0,NIOBRARA-CODELL,145.0,,,,145.0,,,,,,,,,,,,,
40,2016-12-01,2.0,PR,123,31721,0,NIOBRARA-CODELL,115.0,30.0,,,145.0,,,,,,,1000.0,,,1.0,,,M
41,2016-11-01,,SI,123,31721,0,NIOBRARA-CODELL,115.0,,,,115.0,,,,,,,,,,,,,
42,2016-10-01,,SI,123,31721,0,NIOBRARA-CODELL,115.0,,,,115.0,,,,,,,,,,,,,
43,2016-09-01,6.0,PR,123,31721,0,NIOBRARA-CODELL,76.0,39.0,,,115.0,,25.0,,,,25.0,1363.0,,,40.0,,,M
44,2016-08-01,12.0,PR,123,31721,0,NIOBRARA-CODELL,211.0,39.0,173.0,-1.0,76.0,44.4,25.0,,,,25.0,1363.0,,,145.0,,,M
45,2016-07-01,11.0,PR,123,31721,0,NIOBRARA-CODELL,93.0,118.0,,,211.0,,60.0,,,,60.0,1320.0,,,105.0,,,M
46,2016-06-01,,SI,123,31721,0,NIOBRARA-CODELL,93.0,,,,93.0,,,,,,,,,,,,,
47,2016-05-01,3.0,PR,123,31721,0,NIOBRARA-CODELL,82.0,12.0,1.0,,93.0,40.0,74.0,,,,74.0,1320.0,,,7.0,,,M
48,2016-04-01,28.0,PR,123,31721,0,NIOBRARA-CODELL,151.0,103.0,172.0,,82.0,48.9,825.0,,,,825.0,1338.0,,,26.0,,,M
49,2016-03-01,31.0,PR,123,31721,0,NIOBRARA-CODELL,55.0,97.0,1.0,,151.0,40.0,834.0,,,,834.0,1338.0,,,15.0,,,M
50,2016-02-01,29.0,PR,123,31721,0,NIOBRARA-CODELL,125.0,105.0,175.0,,55.0,49.8,861.0,,,,861.0,1338.0,,,19.0,,,M
51,2016-01-01,31.0,PR,123,31721,0,NIOBRARA-CODELL,203.0,106.0,184.0,,125.0,50.1,833.0,,,,833.0,1336.0,,,16.0,,,M
52,2015-12-01,31.0,PR,123,31721,0,NIOBRARA-CODELL,75.0,128.0,1.0,1.0,203.0,40.0,894.0,,,,894.0,1336.0,,,25.0,,,M
53,2015-11-01,30.0,PR,123,31721,0,NIOBRARA-CODELL,133.0,122.0,180.0,,75.0,49.6,1311.0,,,,1311.0,1340.0,,,30.0,,,M
54,2015-10-01,31.0,PR,123,31721,0,NIOBRARA-CODELL,163.0,149.0,180.0,1.0,133.0,48.6,1468.0,,,,1468.0,1325.0,,,43.0,,,M
55,2015-09-01,30.0,PR,123,31721,0,NIOBRARA-CODELL,181.0,166.0,183.0,-1.0,163.0,47.9,1521.0,,,,1521.0,1325.0,,,47.0,,,M
56,2015-08-01,31.0,PR,123,31721,0,NIOBRARA-CODELL,197.0,159.0,175.0,,181.0,47.0,1068.0,,,,1068.0,1325.0,,,54.0,,,M
57,2015-07-01,31.0,PR,123,31721,0,NIOBRARA-CODELL,216.0,164.0,182.0,-1.0,197.0,46.7,1024.0,,,,1024.0,1340.0,,,67.0,,,M
58,2015-06-01,30.0,PR,123,31721,0,NIOBRARA-CODELL,60.0,159.0,4.0,1.0,216.0,40.0,851.0,,,,851.0,1340.0,,,84.0,,,M
59,2015-05-01,31.0,PR,123,31721,0,NIOBRARA-CODELL,64.0,180.0,184.0,,60.0,47.6,857.0,,,,857.0,1340.0,,,75.0,,,M
60,2015-04-01,30.0,PR,123,31721,0,NIOBRARA-CODELL,60.0,183.0,179.0,,64.0,48.3,750.0,,,,750.0,1294.0,,,71.0,,,M
61,2015-03-01,28.0,PR,123,31721,0,NIOBRARA-CODELL,113.0,120.0,173.0,,60.0,44.7,410.0,,,,410.0,1350.0,,,43.0,,,M
62,2015-02-01,26.0,PR,123,31721,0,NIOBRARA-CODELL,140.0,160.0,188.0,1.0,113.0,47.9,724.0,,,,724.0,1294.0,,,78.0,,,M
63,2015-01-01,24.0,PR,123,31721,0,NIOBRARA-CODELL,90.0,232.0,182.0,,140.0,48.2,572.0,,,,572.0,1350.0,,,76.0,,,M
64,2014-12-01,15.0,PR,123,31721,0,NIOBRARA-CODELL,113.0,153.0,176.0,,90.0,47.6,386.0,,,,386.0,1350.0,,,123.0,,,M
65,2014-11-01,2.0,PR,123,31721,0,NIOBRARA-CODELL,31.0,82.0,,,113.0,,141.0,,,,141.0,1350.0,,,151.0,,,M
66,2014-10-01,6.0,PR,123,31721,0,NIOBRARA-CODELL,56.0,197.0,,-222.0,31.0,,35.0,,,,35.0,1340.0,,,133.0,,,M
67,2014-09-01,30.0,PR,123,31721,0,NIOBRARA-CODELL,56.0,,,,56.0,,,,,,,,,,,,,
68,2014-08-01,23.0,PR,123,31721,0,NIOBRARA-CODELL,131.0,97.0,172.0,,56.0,45.5,377.0,,,,377.0,1340.0,,,22.0,,,M
69,2014-07-01,24.0,PR,123,31721,0,NIOBRARA-CODELL,199.0,113.0,181.0,,131.0,47.6,306.0,,,,306.0,1340.0,,,16.0,,,M
70,2014-06-01,30.0,PR,123,31721,0,NIOBRARA-CODELL,93.0,106.0,,,199.0,,319.0,,,,319.0,1340.0,,,23.0,,,M
71,2014-05-01,31.0,PR,123,31721,0,NIOBRARA-CODELL,108.0,149.0,164.0,,93.0,45.2,359.0,,,,359.0,1340.0,,,35.0,,,M
72,2014-04-01,29.0,PR,123,31721,0,NIOBRARA-CODELL,125.0,155.0,172.0,,108.0,45.4,455.0,,,,455.0,1327.0,,,30.0,,,M
73,2014-03-01,22.0,PR,123,31721,0,NIOBRARA-CODELL,190.0,115.0,180.0,,125.0,45.9,253.0,,,,253.0,1327.0,,,18.0,,,M
74,2014-02-01,28.0,PR,123,31721,0,NIOBRARA-CODELL,63.0,127.0,,,190.0,,264.0,,,,264.0,1327.0,,,16.0,,,M
75,2014-01-01,30.0,PR,123,31721,0,NIOBRARA-CODELL,209.0,212.0,358.0,,63.0,39.4,409.0,,,,409.0,1327.0,,,10.0,,,M
76,2013-12-01,31.0,PR,123,31721,0,NIOBRARA-CODELL,190.0,19.0,,,209.0,,101.0,,,,101.0,1327.0,,,2.0,,,M
77,2013-11-01,29.0,PR,123,31721,0,NIOBRARA-CODELL,236.0,144.0,190.0,,190.0,45.9,270.0,,,,270.0,1327.0,,,17.0,,,M
78,2013-10-01,10.0,PR,123,31721,0,NIOBRARA-CODELL,178.0,58.0,,,236.0,,126.0,,,,126.0,1327.0,,,25.0,,,M
79,2013-09-01,25.0,PR,123,31721,0,NIOBRARA-CODELL,198.0,153.0,173.0,,178.0,44.4,304.0,,,,304.0,1327.0,,,24.0,,,M
80,2013-08-01,31.0,PR,123,31721,0,NIOBRARA-CODELL,170.0,200.0,172.0,,198.0,45.9,353.0,,,,353.0,1327.0,,,39.0,,,M
81,2013-07-01,24.0,PR,123,31721,0,NIOBRARA-CODELL,144.0,202.0,176.0,,170.0,46.0,334.0,,,,334.0,1327.0,,,42.0,,,M
82,2013-06-01,27.0,PR,123,31721,0,NIOBRARA-CODELL,200.0,290.0,346.0,,144.0,45.8,346.0,,,,346.0,1327.0,,,27.0,,,M
83,2013-05-01,31.0,PR,123,31721,0,NIOBRARA-CODELL,64.0,498.0,362.0,,200.0,44.6,491.0,,,,491.0,1327.0,,,27.0,,,M
84,2013-04-01,30.0,PR,123,31721,0,NIOBRARA-CODELL,192.0,41.0,169.0,,64.0,44.1,100.0,,,,100.0,1327.0,,,23.0,,,M
85,2013-03-01,31.0,PR,123,31721,0,NIOBRARA-CODELL,109.0,255.0,172.0,,192.0,46.1,331.0,,,,331.0,1327.0,,,50.0,,,M
86,2013-02-01,28.0,PR,123,31721,0,NIOBRARA-CODELL,72.0,220.0,183.0,,109.0,44.3,328.0,,,,328.0,1327.0,,,38.0,,,M
87,2013-01-01,14.0,PR,123,31721,0,NIOBRARA-CODELL,186.0,65.0,179.0,,72.0,45.1,76.0,,,,76.0,1327.0,,,51.0,,,M
88,2012-12-01,9.0,PR,123,31721,0,NIOBRARA-CODELL,94.0,92.0,,,186.0,,126.0,,,,126.0,1327.0,,,11.0,,,M
89,2012-11-01,29.0,PR,123,31721,0,NIOBRARA-CODELL,130.0,146.0,182.0,,94.0,46.1,309.0,,,,309.0,1327.0,,,42.0,,,M
90,2012-10-01,22.0,PR,123,31721,0,NIOBRARA-CODELL,,130.0,,,130.0,,169.0,,,,169.0,1327.0,,,15.0,,,M
91,2012-09-01,0.0,SI,123,31721,0,NIOBRARA-CODELL,,,,,,,,,,,,,,,,,,
92,2012-08-01,0.0,SI,123,31721,0,NIOBRARA-CODELL,146.0,,115.0,-31.0,,45.5,,,,,,,,,,,,
93,2012-07-01,31.0,PR,123,31721,0,NIOBRARA-CODELL,134.0,185.0,173.0,,146.0,46.3,711.0,,,,711.0,1327.0,,,6.0,,,M
94,2012-06-01,30.0,PR,123,31721,0,NIOBRARA-CODELL,181.0,290.0,337.0,,134.0,46.7,1184.0,,,,1184.0,1327.0,,,13.0,,,M
95,2012-05-01,31.0,PR,123,31721,0,NIOBRARA-CODELL,196.0,332.0,347.0,,181.0,47.4,1454.0,,,,1454.0,1327.0,,,8.0,,,M
96,2012-04-01,30.0,PR,123,31721,0,NIOBRARA-CODELL,200.0,340.0,344.0,,196.0,47.6,1418.0,,,,1418.0,1424.0,,,25.0,,,M
97,2012-03-01,31.0,PR,123,31721,0,NIOBRARA-CODELL,158.0,397.0,355.0,,200.0,48.4,1605.0,,,,1605.0,1424.0,,,11.0,,,M
98,2012-02-01,29.0,PR,123,31721,0,NIOBRARA-CODELL,140.0,376.0,348.0,-10.0,158.0,45.0,1923.0,,,,1923.0,1424.0,,,28.0,,,M
99,2012-01-01,31.0,PR,123,31721,0,NIOBRARA-CODELL,197.0,490.0,547.0,,140.0,48.9,2799.0,,,,2799.0,1290.0,,,12.0,,,M
100,2011-12-01,31.0,PR,123,31721,0,NIOBRARA-CODELL,179.0,574.0,541.0,-15.0,197.0,48.8,2678.0,,,,2678.0,1290.0,,,31.0,,,M
101,2011-11-01,30.0,PR,123,31721,0,NIOBRARA-CODELL,88.0,633.0,542.0,,179.0,49.0,2749.0,,,,2749.0,1290.0,,,29.0,,,M
102,2011-10-01,31.0,PR,123,31721,0,NIOBRARA-CODELL,95.0,692.0,699.0,,88.0,46.5,2466.0,,,,2466.0,1308.0,,,35.0,,,M
103,2011-09-01,30.0,PR,123,31721,0,NIOBRARA-CODELL,210.0,768.0,883.0,,95.0,46.8,3368.0,,,,3368.0,1308.0,,,42.0,,,M
104,2011-08-01,31.0,PR,123,31721,0,NIOBRARA-CODELL,112.0,982.0,884.0,,210.0,46.2,4065.0,,,,4065.0,1308.0,,,22.0,,,M
105,2011-07-01,28.0,PR,123,31721,0,NIOBRARA-CODELL,122.0,1026.0,1036.0,,112.0,45.8,2065.0,,,,2065.0,1308.0,,,92.0,,,M
106,2011-06-01,30.0,PR,123,31721,0,NIOBRARA-CODELL,89.0,912.0,879.0,,122.0,43.5,593.0,,,,593.0,1308.0,,,26.0,,,M
107,2011-05-01,27.0,PR,123,31721,0,NIOBRARA-CODELL,203.0,1010.0,1125.0,1.0,89.0,45.3,1498.0,,,,1498.0,1308.0,,,257.0,,,M
108,2011-04-01,30.0,PR,123,31721,0,NIOBRARA-CODELL,240.0,1399.0,1436.0,,203.0,46.5,3146.0,,,,3146.0,1242.0,,,27.0,,,M
109,2011-03-01,10.0,PR,123,31721,0,NIOBRARA-CODELL,,936.0,696.0,,240.0,45.6,1686.0,,,,1686.0,1242.0,,,251.0,,,M
110,2011-02-01,0.0,WO,123,31721,0,NIOBRARA-CODELL,,,,,,,,,,,,,,,,,,
