,First of Month,Days Produced,Well Status,API County,API Sequence,API Sidetrack,Formation,BOM Inventory,Oil Produced,Oil Sold,Oil Adjustment,EOM Inventory,Oil Gravity,Gas Produced,Gas Flared,Gas Used,Gas Shrinkage,Gas Sold,Gas BTU,Gas Tubing Pressure,Gas Casing Pressure,Water Volume,Water Tubing Pressure,Water Casing Pressure,Water Disp Code
0,2020-04-01,19.0,PR,123,36807,0,NIOBRARA-CODELL,26.0,40.0,,,66.0,,176.0,,,,176.0,1255.0,,,13.0,,,M
1,2020-03-01,30.0,PR,123,36807,0,NIOBRARA-CODELL,26.0,,,,26.0,,53.0,,,,53.0,1255.0,,,,,,
2,2020-02-01,29.0,PR,123,36807,0,NIOBRARA-CODELL,26.0,,,,26.0,,95.0,,,,95.0,1255.0,,,,,,
3,2020-01-01,31.0,PR,123,36807,0,NIOBRARA-CODELL,22.0,4.0,,,26.0,,40.0,,,,40.0,1255.0,,,8.0,,,M
4,2019-12-01,19.0,PR,123,36807,0,NIOBRARA-CODELL,124.0,,,-102.0,22.0,,166.0,,,,166.0,1255.0,,,3.0,,,M
5,2019-11-01,17.0,PR,123,36807,0,NIOBRARA-CODELL,106.0,19.0,,-1.0,124.0,,139.0,,,,139.0,1255.0,,,15.0,,,M
6,2019-10-01,24.0,PR,123,36807,0,NIOBRARA-CODELL,85.0,20.0,,1.0,106.0,,153.0,,,,153.0,1255.0,,,18.0,,,M
7,2019-09-01,13.0,PR,123,36807,0,NIOBRARA-CODELL,109.0,38.0,62.0,,85.0,56.7,128.0,,,,128.0,1255.0,,,12.0,,,M
8,2019-08-01,11.0,PR,123,36807,0,NIOBRARA-CODELL,95.0,14.0,,,109.0,,143.0,,,,143.0,1233.0,,,13.0,,,M
9,2019-07-01,22.0,PR,123,36807,0,NIOBRARA-CODELL,80.0,15.0,,,95.0,,154.0,,,,154.0,1233.0,,,28.0,,,M
10,2019-06-01,13.0,PR,123,36807,0,NIOBRARA-CODELL,63.0,17.0,,,80.0,,135.0,,,,135.0,1233.0,,,10.0,,,M
11,2019-05-01,17.0,PR,123,36807,0,NIOBRARA-CODELL,32.0,31.0,,,63.0,,170.0,,,,170.0,1255.0,,,21.0,,,M
12,2019-04-01,7.0,PR,123,36807,0,NIOBRARA-CODELL,120.0,25.0,113.0,,32.0,49.3,123.0,,,,123.0,1255.0,,,34.0,,,M
13,2019-03-01,12.0,PR,123,36807,0,NIOBRARA-CODELL,120.0,,,,120.0,,50.0,,,,50.0,1255.0,,,,,,
14,2019-02-01,,SI,123,36807,0,NIOBRARA-CODELL,120.0,,,,120.0,,,,,,,,,,,,,
15,2019-01-01,,SI,123,36807,0,NIOBRARA-CODELL,120.0,,,,120.0,,,,,,,,,,,,,
16,2018-12-01,,SI,123,36807,0,NIOBRARA-CODELL,120.0,,,,120.0,,,,,,,,,,,,,
17,2018-11-01,3.0,PR,123,36807,0,NIOBRARA-CODELL,90.0,30.0,,,120.0,,66.0,,,,66.0,1255.0,,,5.0,,,M
18,2018-10-01,6.0,PR,123,36807,0,NIOBRARA-CODELL,168.0,1.0,80.0,1.0,90.0,47.4,78.0,,,,78.0,1255.0,,,,,,
19,2018-09-01,14.0,PR,123,36807,0,NIOBRARA-CODELL,139.0,29.0,,,168.0,,317.0,,,,317.0,1255.0,,,13.0,,,M
20,2018-08-01,30.0,PR,123,36807,0,NIOBRARA-CODELL,102.0,38.0,,-1.0,139.0,,528.0,,,,528.0,1255.0,,,12.0,,,M
21,2018-07-01,16.0,PR,123,36807,0,NIOBRARA-CODELL,56.0,46.0,,,102.0,,218.0,,,,218.0,1255.0,,,8.0,,,M
22,2018-06-01,8.0,PR,123,36807,0,NIOBRARA-CODELL,225.0,13.0,181.0,-1.0,56.0,47.8,151.0,,,,151.0,1255.0,,,6.0,,,M
23,2018-05-01,7.0,PR,123,36807,0,NIOBRARA-CODELL,213.0,11.0,,1.0,225.0,,117.0,,,,117.0,1255.0,,,12.0,,,M
24,2018-04-01,10.0,PR,123,36807,0,NIOBRARA-CODELL,198.0,23.0,,-8.0,213.0,,121.0,,,,121.0,1255.0,,,3.0,,,M
25,2018-03-01,7.0,PR,123,36807,0,NIOBRARA-CODELL,133.0,66.0,,-1.0,198.0,,115.0,,,,115.0,1255.0,,,,,,
26,2018-02-01,8.0,PR,123,36807,0,NIOBRARA-CODELL,108.0,25.0,,,133.0,,98.0,,,,98.0,1255.0,,,3.0,,,M
27,2018-01-01,6.0,PR,123,36807,0,NIOBRARA-CODELL,87.0,21.0,,,108.0,,64.0,,,,64.0,1255.0,,,15.0,,,M
28,2017-12-01,17.0,PR,123,36807,0,NIOBRARA-CODELL,56.0,31.0,,,87.0,,88.0,,,,88.0,1302.0,,,10.0,,,M
29,2017-11-01,12.0,PR,123,36807,0,NIOBRARA-CODELL,121.0,136.0,200.0,-1.0,56.0,46.4,89.0,,,,89.0,1302.0,,,29.0,,,M
30,2017-10-01,13.0,PR,123,36807,0,NIOBRARA-CODELL,111.0,10.0,,,121.0,,122.0,,,,122.0,1302.0,,,92.0,,,M
31,2017-09-01,5.0,PR,123,36807,0,NIOBRARA-CODELL,109.0,3.0,,-1.0,111.0,,86.0,,,,86.0,1302.0,,,8.0,,,M
32,2017-08-01,14.0,PR,123,36807,0,NIOBRARA-CODELL,99.0,10.0,,,109.0,,87.0,,,,87.0,1302.0,,,55.0,,,M
33,2017-07-01,0.0,SI,123,36807,0,NIOBRARA-CODELL,99.0,,,,99.0,,,,,,,,,,,,,
34,2017-06-01,0.0,TA,123,36807,0,NIOBRARA-CODELL,99.0,,,,99.0,,,,,,,,,,,,,
35,2017-05-01,0.0,TA,123,36807,0,NIOBRARA-CODELL,99.0,,,,99.0,,,,,,,,,,,,,
36,2017-04-01,0.0,TA,123,36807,0,NIOBRARA-CODELL,99.0,,,,99.0,,,,,,,,,,,,,
37,2017-03-01,0.0,TA,123,36807,0,NIOBRARA-CODELL,99.0,,,,99.0,,,,,,,,,,,,,
38,2017-02-01,0.0,TA,123,36807,0,NIOBRARA-CODELL,99.0,,,,99.0,,,,,,,,,,,,,
39,2017-01-01,0.0,TA,123,36807,0,NIOBRARA-CODELL,99.0,,,,99.0,,,,,,,,,,,,,
40,2016-12-01,0.0,TA,123,36807,0,NIOBRARA-CODELL,99.0,,,,99.0,,,,,,,,,,,,,
41,2016-11-01,0.0,TA,123,36807,0,NIOBRARA-CODELL,99.0,,,,99.0,,,,,,,,,,,,,
42,2016-10-01,18.0,PR,123,36807,0,NIOBRARA-CODELL,165.0,111.0,178.0,1.0,99.0,52.9,1806.0,,,,1806.0,1261.0,,,119.0,,,M
43,2016-09-01,30.0,PR,123,36807,0,NIOBRARA-CODELL,40.0,369.0,244.0,,165.0,51.4,3595.0,,,,3595.0,1261.0,,,64.0,,,M
44,2016-08-01,29.0,PR,123,36807,0,NIOBRARA-CODELL,88.0,491.0,539.0,,40.0,50.6,3547.0,,,,3547.0,1261.0,,,371.0,,,M
45,2016-07-01,1.0,PR,123,36807,0,NIOBRARA-CODELL,48.0,40.0,,,88.0,,,,,,,,,,,,,
46,2016-06-01,0.0,SI,123,36807,0,NIOBRARA-CODELL,48.0,,,,48.0,,,,,,,,,,,,,
47,2016-05-01,22.0,PR,123,36807,0,NIOBRARA-CODELL,157.0,81.0,190.0,,48.0,51.6,539.0,,,,539.0,1261.0,,,4.0,,,M
48,2016-04-01,27.0,PR,123,36807,0,NIOBRARA-CODELL,43.0,114.0,,,157.0,,644.0,,,,644.0,1261.0,,,6.0,,,M
49,2016-03-01,30.0,PR,123,36807,0,NIOBRARA-CODELL,145.0,103.0,205.0,,43.0,57.4,642.0,,,,642.0,1261.0,,,6.0,,,M
50,2016-02-01,29.0,PR,123,36807,0,NIOBRARA-CODELL,43.0,103.0,,-1.0,145.0,,597.0,,,,597.0,1261.0,,,7.0,,,M
51,2016-01-01,31.0,PR,123,36807,0,NIOBRARA-CODELL,112.0,115.0,184.0,,43.0,52.8,715.0,,,,715.0,1261.0,,,11.0,,,M
52,2015-12-01,30.0,PR,123,36807,0,NIOBRARA-CODELL,209.0,114.0,211.0,,112.0,47.9,671.0,,,,671.0,1261.0,,,10.0,,,M
53,2015-11-01,30.0,PR,123,36807,0,NIOBRARA-CODELL,95.0,114.0,,,209.0,,704.0,,,,704.0,1261.0,,,9.0,,,M
54,2015-10-01,31.0,PR,123,36807,0,NIOBRARA-CODELL,187.0,124.0,216.0,,95.0,49.3,763.0,,,,763.0,1261.0,,,11.0,,,M
55,2015-09-01,30.0,PR,123,36807,0,NIOBRARA-CODELL,68.0,119.0,,,187.0,,637.0,,,,637.0,1261.0,,,17.0,,,M
56,2015-08-01,31.0,PR,123,36807,0,NIOBRARA-CODELL,99.0,151.0,181.0,-1.0,68.0,46.1,851.0,,,,851.0,1261.0,,,14.0,,,M
57,2015-07-01,31.0,PR,123,36807,0,NIOBRARA-CODELL,204.0,93.0,198.0,,99.0,45.9,592.0,,,,592.0,1261.0,,,5.0,,,M
58,2015-06-01,28.0,PR,123,36807,0,NIOBRARA-CODELL,94.0,110.0,,,204.0,,699.0,,,,699.0,1261.0,,,6.0,,,M
59,2015-05-01,31.0,PR,123,36807,0,NIOBRARA-CODELL,135.0,138.0,180.0,1.0,94.0,50.0,922.0,,,,922.0,1261.0,,,11.0,,,M
60,2015-04-01,30.0,PR,123,36807,0,NIOBRARA-CODELL,202.0,136.0,203.0,,135.0,54.6,889.0,,,,889.0,1261.0,,,12.0,,,M
61,2015-03-01,31.0,PR,123,36807,0,NIOBRARA-CODELL,230.0,152.0,180.0,,202.0,47.7,962.0,,,,962.0,1261.0,,,16.0,,,M
62,2015-02-01,28.0,PR,123,36807,0,NIOBRARA-CODELL,95.0,135.0,,,230.0,,946.0,,,,946.0,1261.0,,,12.0,,,M
63,2015-01-01,31.0,PR,123,36807,0,NIOBRARA-CODELL,122.0,164.0,191.0,,95.0,50.4,988.0,,,,988.0,1261.0,,,21.0,,,M
64,2014-12-01,31.0,PR,123,36807,0,NIOBRARA-CODELL,174.0,136.0,188.0,,122.0,53.1,972.0,,,,972.0,1264.0,,,14.0,,,M
65,2014-11-01,30.0,PR,123,36807,0,NIOBRARA-CODELL,202.0,153.0,181.0,,174.0,50.5,1097.0,,,,1097.0,1264.0,,,18.0,,,M
66,2014-10-01,31.0,PR,123,36807,0,NIOBRARA-CODELL,203.0,193.0,194.0,,202.0,50.5,1187.0,,,,1187.0,1264.0,,,,,,
67,2014-09-01,30.0,PR,123,36807,0,NIOBRARA-CODELL,210.0,175.0,182.0,,203.0,49.8,1091.0,,,,1091.0,1264.0,,,20.0,,,M
68,2014-08-01,31.0,PR,123,36807,0,NIOBRARA-CODELL,192.0,207.0,189.0,,210.0,48.4,652.0,,,,652.0,1264.0,,,9.0,,,M
69,2014-07-01,30.0,PR,123,36807,0,NIOBRARA-CODELL,185.0,180.0,173.0,,192.0,50.4,616.0,,,,616.0,1264.0,,,7.0,,,M
70,2014-06-01,30.0,PR,123,36807,0,NIOBRARA-CODELL,149.0,217.0,181.0,,185.0,49.5,673.0,,,,673.0,1252.0,,,9.0,,,M
71,2014-05-01,31.0,PR,123,36807,0,NIOBRARA-CODELL,92.0,253.0,196.0,,149.0,50.3,729.0,,,,729.0,1252.0,,,8.0,,,M
72,2014-04-01,30.0,PR,123,36807,0,NIOBRARA-CODELL,205.0,260.0,373.0,,92.0,51.6,725.0,,,,725.0,1272.0,,,5.0,,,M
73,2014-03-01,26.0,PR,123,36807,0,NIOBRARA-CODELL,40.0,351.0,186.0,,205.0,55.7,821.0,,,,821.0,1272.0,,,11.0,,,M
74,2014-02-01,1.0,PR,123,36807,0,NIOBRARA-CODELL,267.0,2.0,229.0,,40.0,54.6,,,,,,,,,,,,
75,2014-01-01,26.0,PR,123,36807,0,NIOBRARA-CODELL,271.0,221.0,225.0,,267.0,53.3,697.0,,,,697.0,1272.0,,,,,,
76,2013-12-01,28.0,PR,123,36807,0,NIOBRARA-CODELL,92.0,333.0,154.0,,271.0,53.3,791.0,,,,791.0,1272.0,,,9.0,,,M
77,2013-11-01,24.0,PR,123,36807,0,NIOBRARA-CODELL,139.0,315.0,362.0,,92.0,50.8,720.0,,,,720.0,1272.0,,,,,,
78,2013-10-01,23.0,PR,123,36807,0,NIOBRARA-CODELL,240.0,275.0,376.0,,139.0,48.7,365.0,,,,365.0,1272.0,,,1.0,,,M
79,2013-09-01,23.0,PR,123,36807,0,NIOBRARA-CODELL,256.0,338.0,354.0,,240.0,50.1,1221.0,,,,1221.0,1263.0,,,67.0,,,M
80,2013-08-01,30.0,PR,123,36807,0,NIOBRARA-CODELL,200.0,605.0,550.0,1.0,256.0,47.2,2267.0,,,,2267.0,1261.0,,,1336.0,,,M
81,2013-07-01,6.0,PR,123,36807,0,NIOBRARA-CODELL,154.0,227.0,181.0,,200.0,51.1,181.0,,,,181.0,1263.0,,,,,,
82,2013-06-01,12.0,PR,123,36807,0,NIOBRARA-CODELL,,502.0,348.0,,154.0,48.6,1535.0,,,,1535.0,1263.0,,,12.0,,,P
83,2013-05-01,,WO,123,36807,0,NIOBRARA-CODELL,,,,,,,,,,,,,,,,,,
84,2013-04-01,,WO,123,36807,0,NIOBRARA-CODELL,,,,,,,,,,,,,,,,,,
