,First of Month,Days Produced,Well Status,API County,API Sequence,API Sidetrack,Formation,BOM Inventory,Oil Produced,Oil Sold,Oil Adjustment,EOM Inventory,Oil Gravity,Gas Produced,Gas Flared,Gas Used,Gas Shrinkage,Gas Sold,Gas BTU,Gas Tubing Pressure,Gas Casing Pressure,Water Volume,Water Tubing Pressure,Water Casing Pressure,Water Disp Code
0,2020-04-01,30,PR,123,34658,0,NIOBRARA,165.0,319.0,369.0,,115,54.3,5488.0,,29.0,,5459.0,1319.0,,,31.0,,,M
1,2020-03-01,30,PR,123,34658,0,NIOBRARA,327.0,535.0,698.0,1.0,165,52.0,6423.0,,26.0,,6397.0,1319.0,,,,,,
2,2020-02-01,29,PR,123,34658,0,NIOBRARA,385.0,479.0,537.0,,327,58.2,5686.0,,26.0,,5660.0,1319.0,,,44.0,,,M
3,2020-01-01,31,PR,123,34658,0,NIOBRARA,253.0,491.0,359.0,,385,56.1,6278.0,,30.0,,6248.0,1319.0,,,33.0,,,M
4,2019-12-01,19,PR,123,34658,0,NIOBRARA,164.0,89.0,,,253,,4027.0,,13.0,,4014.0,1319.0,,,23.0,,,M
5,2019-11-01,28,PR,123,34658,0,NIOBRARA,200.0,321.0,357.0,,164,56.6,4971.0,,26.0,,4945.0,1319.0,,,,,,
6,2019-10-01,27,PR,123,34658,0,NIOBRARA,201.0,170.0,171.0,,200,50.7,5650.0,,24.0,,5626.0,1319.0,,,36.0,,,M
7,2019-09-01,0,SI,123,34658,0,NIOBRARA,201.0,,,,201,,,,,,,,,,,,,
8,2019-08-01,20,PR,123,34658,0,NIOBRARA,220.0,153.0,173.0,1.0,201,56.2,3624.0,,19.0,,3605.0,1319.0,,,,,,
9,2019-07-01,25,PR,123,34658,0,NIOBRARA,156.0,412.0,348.0,,220,55.9,5605.0,,24.0,,5581.0,1319.0,,,,,,
10,2019-06-01,25,PR,123,34658,0,NIOBRARA,162.0,509.0,515.0,,156,56.5,6714.0,,24.0,,6690.0,1319.0,,,,,,
11,2019-05-01,26,PR,123,34658,0,NIOBRARA,115.0,409.0,362.0,,162,60.8,9108.0,,25.0,,9083.0,1319.0,,,40.0,,,M
12,2019-04-01,2,PR,123,34658,0,NIOBRARA,274.0,10.0,169.0,,115,58.0,200.0,,1.0,,199.0,1319.0,,,,,,
13,2019-03-01,4,PR,123,34658,0,NIOBRARA,275.0,2.0,,-3.0,274,,62.0,,4.0,,58.0,1310.0,,,,,,
14,2019-02-01,12,PR,123,34658,0,NIOBRARA,194.0,81.0,,,275,,1694.0,,12.0,,1682.0,1320.0,,,50.0,,,M
15,2019-01-01,31,PR,123,34658,0,NIOBRARA,272.0,452.0,530.0,,194,57.8,6578.0,,30.0,,6548.0,1319.0,,,162.0,,,M
16,2018-12-01,30,PR,123,34658,0,NIOBRARA,192.0,433.0,353.0,,272,55.6,6464.0,,29.0,,6435.0,1319.0,,,70.0,,,M
17,2018-11-01,30,PR,123,34658,0,NIOBRARA,293.0,429.0,530.0,,192,54.1,6429.0,,29.0,,6400.0,1319.0,,,80.0,,,M
18,2018-10-01,31,PR,123,34658,0,NIOBRARA,255.0,398.0,361.0,1.0,293,52.6,6158.0,,30.0,,6128.0,1319.0,,,80.0,,,M
19,2018-09-01,30,PR,123,34658,0,NIOBRARA,302.0,468.0,514.0,-1.0,255,53.9,6639.0,,29.0,,6610.0,1319.0,,,175.0,,,M
20,2018-08-01,31,PR,123,34658,0,NIOBRARA,202.0,446.0,346.0,,302,55.4,6745.0,,30.0,,6715.0,1289.0,,,80.0,,,M
21,2018-07-01,31,PR,123,34658,0,NIOBRARA,261.0,482.0,541.0,,202,54.0,6832.0,,30.0,,6802.0,1289.0,,,,,,
22,2018-06-01,30,PR,123,34658,0,NIOBRARA,255.0,349.0,343.0,,261,55.0,5822.0,,29.0,,5793.0,1289.0,,,80.0,,,M
23,2018-05-01,31,PR,123,34658,0,NIOBRARA,113.0,497.0,355.0,,255,54.9,7195.0,,30.0,,7165.0,1289.0,,,70.0,,,M
24,2018-04-01,30,PR,123,34658,0,NIOBRARA,125.0,507.0,519.0,,113,54.6,7008.0,,29.0,,6979.0,1289.0,,,,,,
25,2018-03-01,30,PR,123,34658,0,NIOBRARA,149.0,500.0,524.0,,125,56.2,7060.0,,29.0,,7031.0,1289.0,,,,,,
26,2018-02-01,28,PR,123,34658,0,NIOBRARA,233.0,450.0,534.0,,149,54.7,6754.0,,27.0,,6727.0,1285.0,,,100.0,,,M
27,2018-01-01,31,PR,123,34658,0,NIOBRARA,133.0,629.0,529.0,,233,54.4,7911.0,,30.0,,7881.0,1285.0,,,90.0,,,M
28,2017-12-01,31,PR,123,34658,0,NIOBRARA,423.0,710.0,1000.0,,133,55.1,8056.0,,30.0,,8026.0,1285.0,,,144.0,,,M
29,2017-11-01,30,PR,123,34658,0,NIOBRARA,208.0,577.0,362.0,,423,55.9,7459.0,,29.0,,7430.0,1285.0,,,,,,
30,2017-10-01,31,PR,123,34658,0,NIOBRARA,278.0,653.0,724.0,1.0,208,55.0,9259.0,,30.0,,9229.0,1324.0,,,127.0,,,M
31,2017-09-01,20,PR,123,34658,0,NIOBRARA,137.0,1229.0,1087.0,-1.0,278,51.3,11053.0,,18.0,,11035.0,1324.0,0.0,0.0,48.0,0.0,0.0,M
32,2017-08-01,3,PR,123,34658,0,NIOBRARA,90.0,50.0,,-3.0,137,,1668.0,,3.0,,1665.0,1324.0,0.0,0.0,,0.0,0.0,
33,2017-07-01,0,SI,123,34658,0,NIOBRARA,90.0,,,,90,,,,,,,,0.0,0.0,,0.0,0.0,
34,2017-06-01,0,SI,123,34658,0,NIOBRARA,90.0,,,,90,,,,,,,,0.0,0.0,,0.0,0.0,
35,2017-05-01,0,SI,123,34658,0,NIOBRARA,90.0,,,,90,,,,,,,,0.0,0.0,,0.0,0.0,
36,2017-04-01,26,PR,123,34658,0,NIOBRARA,125.0,513.0,548.0,,90,54.0,6000.0,,25.0,,5975.0,1275.0,0.0,0.0,55.0,0.0,0.0,M
37,2017-03-01,30,PR,123,34658,0,NIOBRARA,229.0,612.0,716.0,,125,54.3,8766.0,,28.0,,8738.0,1275.0,0.0,0.0,37.0,0.0,0.0,M
38,2017-02-01,17,PR,123,34658,0,NIOBRARA,150.0,79.0,,,229,,1076.0,,15.0,,1061.0,1275.0,0.0,0.0,51.0,0.0,0.0,M
39,2017-01-01,31,PR,123,34658,0,NIOBRARA,103.0,648.0,601.0,,150,54.8,8202.0,,30.0,,8172.0,1275.0,0.0,0.0,41.0,0.0,0.0,M
40,2016-12-01,31,PR,123,34658,0,NIOBRARA,240.0,467.0,604.0,,103,55.7,8156.0,,30.0,,8126.0,1275.0,0.0,0.0,76.0,0.0,0.0,M
41,2016-11-01,30,PR,123,34658,0,NIOBRARA,157.0,821.0,737.0,-1.0,240,55.7,7361.0,,29.0,,7332.0,1275.0,0.0,0.0,120.0,0.0,0.0,M
42,2016-10-01,31,PR,123,34658,0,NIOBRARA,150.0,720.0,714.0,1.0,157,53.8,8017.0,,29.0,,7988.0,1275.0,0.0,0.0,99.0,0.0,0.0,M
43,2016-09-01,30,PR,123,34658,0,NIOBRARA,314.0,579.0,743.0,,150,52.6,8111.0,,27.0,,8084.0,1275.0,0.0,0.0,91.0,0.0,0.0,M
44,2016-08-01,31,PR,123,34658,0,NIOBRARA,369.0,948.0,1002.0,-1.0,314,52.4,8228.0,,28.0,,8200.0,1311.0,0.0,0.0,99.0,0.0,0.0,M
45,2016-07-01,24,PR,123,34658,0,NIOBRARA,99.0,848.0,578.0,,369,52.6,6643.0,,21.0,,6622.0,1311.0,0.0,0.0,,0.0,0.0,
46,2016-06-01,28,PR,123,34658,0,NIOBRARA,166.0,293.0,360.0,,99,53.2,3942.0,,23.0,,3919.0,1311.0,0.0,0.0,,,0.0,
47,2016-05-01,31,PR,123,34658,0,NIOBRARA,103.0,690.0,627.0,,166,53.8,6623.0,,29.0,,6594.0,1311.0,0.0,0.0,40.0,0.0,0.0,M
48,2016-04-01,30,PR,123,34658,0,NIOBRARA,162.0,764.0,824.0,1.0,103,54.0,6804.0,,29.0,,6775.0,1311.0,0.0,0.0,38.0,0.0,0.0,M
49,2016-03-01,30,PR,123,34658,0,NIOBRARA,277.0,658.0,772.0,-1.0,162,53.5,6409.0,,28.0,,6381.0,1311.0,0.0,0.0,100.0,0.0,0.0,M
50,2016-02-01,29,PR,123,34658,0,NIOBRARA,191.0,669.0,582.0,-1.0,277,54.7,7100.0,,27.0,,7073.0,1311.0,0.0,0.0,90.0,0.0,0.0,M
51,2016-01-01,29,PR,123,34658,0,NIOBRARA,245.0,593.0,647.0,,191,53.8,7508.0,,22.0,,7486.0,1311.0,0.0,0.0,1.0,0.0,0.0,M
52,2015-12-01,4,PR,123,34658,0,NIOBRARA,245.0,,,,245,,286.0,,2.0,,284.0,1310.0,0.0,0.0,,0.0,0.0,
53,2015-11-01,0,SI,123,34658,0,NIOBRARA,245.0,,,,245,,,,,,,,0.0,0.0,,0.0,0.0,
54,2015-10-01,1,PR,123,34658,0,NIOBRARA,228.0,18.0,,-1.0,245,,,,,,,,0.0,0.0,,0.0,0.0,
55,2015-09-01,30,PR,123,34658,0,NIOBRARA,269.0,755.0,797.0,1.0,228,53.9,8342.0,,29.0,,8313.0,1311.0,0.0,0.0,91.0,0.0,0.0,M
56,2015-08-01,30,PR,123,34658,0,NIOBRARA,311.0,778.0,820.0,,269,52.4,8882.0,,28.0,,8854.0,1311.0,0.0,0.0,96.0,0.0,0.0,M
57,2015-07-01,31,PR,123,34658,0,NIOBRARA,376.0,906.0,971.0,,311,52.6,9282.0,,30.0,,9252.0,1311.0,0.0,0.0,,0.0,0.0,
58,2015-06-01,29,PR,123,34658,0,NIOBRARA,154.0,840.0,619.0,1.0,376,55.4,10530.0,,27.0,,10503.0,1300.0,0.0,0.0,100.0,0.0,0.0,M
59,2015-05-01,13,PR,123,34658,0,NIOBRARA,254.0,296.0,396.0,,154,55.0,3145.0,,12.0,,3133.0,1300.0,0.0,0.0,100.0,0.0,0.0,M
60,2015-04-01,30,PR,123,34658,0,NIOBRARA,295.0,733.0,774.0,,254,54.5,8289.0,,29.0,,8260.0,1300.0,0.0,0.0,,0.0,0.0,
61,2015-03-01,31,PR,123,34658,0,NIOBRARA,269.0,837.0,810.0,-1.0,295,52.6,10050.0,,30.0,,10020.0,1300.0,0.0,0.0,109.0,0.0,0.0,M
62,2015-02-01,28,PR,123,34658,0,NIOBRARA,308.0,789.0,827.0,-1.0,269,52.6,9158.0,,27.0,,9131.0,1316.0,0.0,0.0,130.0,0.0,0.0,M
63,2015-01-01,31,PR,123,34658,0,NIOBRARA,278.0,875.0,846.0,1.0,308,54.7,10099.0,,29.0,,10070.0,1316.0,0.0,0.0,,0.0,0.0,
64,2014-12-01,31,PR,123,34658,0,NIOBRARA,434.0,658.0,815.0,1.0,278,53.5,10246.0,,28.0,,10218.0,1316.0,0.0,0.0,260.0,0.0,0.0,M
65,2014-11-01,30,PR,123,34658,0,NIOBRARA,215.0,1027.0,808.0,,434,53.7,10612.0,,29.0,,10583.0,1316.0,0.0,0.0,247.0,0.0,0.0,M
66,2014-10-01,31,PR,123,34658,0,NIOBRARA,361.0,1103.0,1249.0,,215,52.6,13004.0,,30.0,,12974.0,1331.0,0.0,0.0,107.0,0.0,0.0,M
67,2014-09-01,30,PR,123,34658,0,NIOBRARA,281.0,1186.0,1106.0,,361,51.5,12952.0,,29.0,,12923.0,1331.0,0.0,0.0,243.0,0.0,0.0,M
68,2014-08-01,31,PR,123,34658,0,NIOBRARA,300.0,1487.0,1505.0,-1.0,281,50.8,14169.0,,30.0,,14139.0,1352.0,0.0,0.0,169.0,0.0,0.0,M
69,2014-07-01,22,PR,123,34658,0,NIOBRARA,281.0,1066.0,1047.0,,300,50.5,10907.0,,20.0,,10887.0,1352.0,0.0,0.0,132.0,0.0,0.0,M
70,2014-06-01,28,PR,123,34658,0,NIOBRARA,298.0,1245.0,1263.0,1.0,281,50.4,10243.0,,23.0,,10220.0,1312.0,0.0,0.0,224.0,0.0,0.0,M
71,2014-05-01,31,PR,123,34658,0,NIOBRARA,200.0,1625.0,1510.0,-17.0,298,50.6,11535.0,,29.0,,11506.0,1312.0,0.0,0.0,57.0,0.0,0.0,M
72,2014-04-01,28,PR,123,34658,0,NIOBRARA,196.0,1170.0,1166.0,,200,51.2,10308.0,,26.0,,10282.0,1312.0,0.0,0.0,156.0,0.0,0.0,M
73,2014-03-01,12,PR,123,34658,0,NIOBRARA,375.0,697.0,875.0,-1.0,196,53.4,5860.0,,12.0,,5848.0,1312.0,0.0,0.0,,0.0,0.0,
74,2014-02-01,28,PR,123,34658,0,NIOBRARA,277.0,1330.0,1232.0,,375,53.8,11611.0,,23.0,,11588.0,1312.0,0.0,0.0,35.0,0.0,0.0,M
75,2014-01-01,28,PR,123,34658,0,NIOBRARA,385.0,982.0,1090.0,,277,54.2,10800.0,,,,10800.0,1312.0,,,,,,
76,2013-12-01,31,PR,123,34658,0,NIOBRARA,203.0,1364.0,1182.0,,385,55.2,12971.0,,,,12971.0,1312.0,,,91.0,,,I
77,2013-11-01,30,PR,123,34658,0,NIOBRARA,357.0,1976.0,2130.0,,203,54.2,21044.0,,,,21044.0,1239.0,,,197.0,,,I
78,2013-10-01,29,PR,123,34658,0,NIOBRARA,146.0,2206.0,1995.0,,357,54.8,21796.0,,,,21796.0,1239.0,,,130.0,,,I
79,2013-09-01,15,PR,123,34658,0,NIOBRARA,286.0,843.0,983.0,,146,52.5,9746.0,,,,9746.0,1239.0,,,143.0,,,I
80,2013-08-01,30,PR,123,34658,0,NIOBRARA,286.0,2286.0,2286.0,,286,52.0,24417.0,,,,24417.0,1239.0,,,226.0,,,I
81,2013-07-01,31,PR,123,34658,0,NIOBRARA,347.0,2410.0,2471.0,,286,52.1,22698.0,,,,22698.0,1239.0,,,226.0,,,I
82,2013-06-01,30,PR,123,34658,0,NIOBRARA,299.0,2697.0,2649.0,,347,53.0,25432.0,,,,25432.0,1239.0,,,194.0,,,I
83,2013-05-01,31,PR,123,34658,0,NIOBRARA,196.0,3230.0,3127.0,,299,52.6,27493.0,,,,27493.0,1239.0,,,268.0,,,I
84,2013-04-01,30,PR,123,34658,0,NIOBRARA,160.0,3475.0,3439.0,,196,54.0,28487.0,,,,28487.0,1239.0,,,231.0,,,I
85,2013-03-01,31,PR,123,34658,0,NIOBRARA,217.0,4230.0,4287.0,,160,53.9,35561.0,,,,35561.0,1239.0,,,312.0,,,I
86,2013-02-01,28,PR,123,34658,0,NIOBRARA,281.0,5070.0,5134.0,,217,53.5,37005.0,,,,37005.0,1239.0,,,359.0,,,I
87,2013-01-01,31,PR,123,34658,0,NIOBRARA,377.0,6314.0,6410.0,,281,53.2,38198.0,,,,38198.0,1239.0,,,428.0,,,I
88,2012-12-01,31,PR,123,34658,0,NIOBRARA,119.0,8788.0,8530.0,,377,52.2,40823.0,,,,40823.0,1239.0,,,697.0,,,I
89,2012-11-01,30,PR,123,34658,0,NIOBRARA,600.0,11875.0,12356.0,,119,50.4,31883.0,,,,31883.0,1283.0,,,1122.0,,,I
90,2012-10-01,15,PR,123,34658,0,NIOBRARA,,4147.0,3547.0,,600,48.2,4767.0,,,,4767.0,1283.0,,,466.0,,,I
