,First of Month,Days Produced,Well Status,API County,API Sequence,API Sidetrack,Formation,BOM Inventory,Oil Produced,Oil Sold,Oil Adjustment,EOM Inventory,Oil Gravity,Gas Produced,Gas Flared,Gas Used,Gas Shrinkage,Gas Sold,Gas BTU,Gas Tubing Pressure,Gas Casing Pressure,Water Volume,Water Tubing Pressure,Water Casing Pressure,Water Disp Code
0,2020-04-01,20,PR,123,32392,0,NIOBRARA-CODELL,37.0,5.0,29.0,,13,63.0,291.0,,,,291.0,1243.0,,,3.0,,,C
1,2020-03-01,10,PR,123,32392,0,NIOBRARA-CODELL,35.0,2.0,,,37,,178.0,,,,178.0,1243.0,,,3.0,,,C
2,2020-02-01,29,PR,123,32392,0,NIOBRARA-CODELL,47.0,26.0,38.0,,35,64.4,624.0,,,,624.0,1243.0,,,,,,
3,2020-01-01,25,PR,123,32392,0,NIOBRARA-CODELL,52.0,,,-5.0,47,,436.0,,,,436.0,1243.0,,,5.0,,,C
4,2019-12-01,31,PR,123,32392,0,NIOBRARA-CODELL,29.0,23.0,,,52,,600.0,,,,600.0,1243.0,,,2.0,,,C
5,2019-11-01,28,PR,123,32392,0,NIOBRARA-CODELL,21.0,8.0,,,29,,362.0,,,,362.0,1243.0,,,,,,
6,2019-10-01,31,PR,123,32392,0,NIOBRARA-CODELL,25.0,,,-4.0,21,,146.0,,,,146.0,1243.0,,,,,,
7,2019-09-01,30,PR,123,32392,0,NIOBRARA-CODELL,25.0,,,,25,,108.0,,,,108.0,1243.0,,,,,,
8,2019-08-01,31,PR,123,32392,0,NIOBRARA-CODELL,24.0,1.0,,,25,,94.0,,,,94.0,1243.0,,,30.0,,,C
9,2019-07-01,31,PR,123,32392,0,NIOBRARA-CODELL,52.0,4.0,32.0,,24,61.8,267.0,,,,267.0,1243.0,,,1.0,,,C
10,2019-06-01,29,PR,123,32392,0,NIOBRARA-CODELL,43.0,9.0,,,52,,291.0,,,,291.0,1243.0,,,13.0,,,C
11,2019-05-01,30,PR,123,32392,0,NIOBRARA-CODELL,37.0,6.0,,,43,,251.0,,,,251.0,1243.0,,,,,,
12,2019-04-01,30,PR,123,32392,0,NIOBRARA-CODELL,82.0,19.0,64.0,,37,67.0,447.0,,,,447.0,1243.0,,,1.0,,,C
13,2019-03-01,31,PR,123,32392,0,NIOBRARA-CODELL,63.0,19.0,,,82,,487.0,,,,487.0,1243.0,,,10.0,,,C
14,2019-02-01,26,PR,123,32392,0,NIOBRARA-CODELL,44.0,19.0,,,63,,541.0,,,,541.0,1242.0,,,1.0,,,C
15,2019-01-01,31,PR,123,32392,0,NIOBRARA-CODELL,70.0,38.0,64.0,,44,65.1,819.0,,,,819.0,1242.0,,,13.0,,,C
16,2018-12-01,31,PR,123,32392,0,NIOBRARA-CODELL,33.0,37.0,,,70,,891.0,,,,891.0,1242.0,,,10.0,,,C
17,2018-11-01,21,PR,123,32392,0,NIOBRARA-CODELL,81.0,19.0,67.0,,33,66.2,476.0,,,,476.0,1242.0,,,,,,
18,2018-10-01,31,PR,123,32392,0,NIOBRARA-CODELL,57.0,24.0,,,81,,642.0,,,,642.0,1242.0,,,10.0,,,C
19,2018-09-01,30,PR,123,32392,0,NIOBRARA-CODELL,42.0,15.0,,,57,,542.0,,,,542.0,1242.0,,,,,,
20,2018-08-01,31,PR,123,32392,0,NIOBRARA-CODELL,35.0,7.0,,,42,,493.0,,,,493.0,1242.0,,,36.0,,,C
21,2018-07-01,31,PR,123,32392,0,NIOBRARA-CODELL,24.0,11.0,,,35,,464.0,,,,464.0,1242.0,,,,,,
22,2018-06-01,30,PR,123,32392,0,NIOBRARA-CODELL,55.0,6.0,37.0,,24,64.0,467.0,,,,467.0,1242.0,,,9.0,,,C
23,2018-05-01,31,PR,123,32392,0,NIOBRARA-CODELL,42.0,13.0,,,55,,522.0,,,,522.0,1242.0,,,,,,
24,2018-04-01,30,PR,123,32392,0,NIOBRARA-CODELL,92.0,25.0,75.0,,42,67.3,598.0,,,,598.0,1227.0,,,10.0,,,C
25,2018-03-01,31,PR,123,32392,0,NIOBRARA-CODELL,64.0,28.0,,,92,,657.0,,,,657.0,1227.0,,,,,,
26,2018-02-01,28,PR,123,32392,0,NIOBRARA-CODELL,37.0,27.0,,,64,,621.0,,,,621.0,1227.0,,,10.0,,,C
27,2018-01-01,31,PR,123,32392,0,NIOBRARA-CODELL,74.0,32.0,69.0,,37,66.7,785.0,,,,785.0,1227.0,,,,,,
28,2017-12-01,31,PR,123,32392,0,NIOBRARA-CODELL,45.0,29.0,,,74,,732.0,,,,732.0,1227.0,,,11.0,,,C
29,2017-11-01,24,PR,123,32392,0,NIOBRARA-CODELL,30.0,15.0,,,45,,390.0,,,,390.0,1227.0,,,,,,
30,2017-10-01,26,PR,123,32392,0,NIOBRARA-CODELL,14.0,16.0,,,30,,852.0,,,,852.0,1227.0,,,,,,
31,2017-09-01,0,SI,123,32392,0,NIOBRARA-CODELL,15.0,,,-1.0,14,,,,,,,,,,,,,
32,2017-08-01,0,SI,123,32392,0,NIOBRARA-CODELL,15.0,,,,15,,,,,,,,,,,,,
33,2017-07-01,0,SI,123,32392,0,NIOBRARA-CODELL,16.0,,,-1.0,15,,,,,,,,,,,,,
34,2017-06-01,0,SI,123,32392,0,NIOBRARA-CODELL,17.0,,,-1.0,16,,,,,,,,,,,,,
35,2017-05-01,19,PR,123,32392,0,NIOBRARA-CODELL,31.0,18.0,32.0,,17,65.0,380.0,,,,380.0,1227.0,,,7.0,,,P
36,2017-04-01,15,PR,123,32392,0,NIOBRARA-CODELL,18.0,13.0,,,31,,292.0,,,,292.0,1227.0,,,6.0,,,P
37,2017-03-01,31,PR,123,32392,0,NIOBRARA-CODELL,26.0,24.0,32.0,,18,65.1,549.0,,,,549.0,1227.0,,,10.0,,,P
38,2017-02-01,23,PR,123,32392,0,NIOBRARA-CODELL,52.0,20.0,46.0,,26,63.6,398.0,,,,398.0,1253.0,,,9.0,,,P
39,2017-01-01,7,PR,123,32392,0,NIOBRARA-CODELL,47.0,5.0,,,52,,134.0,,,,134.0,1253.0,,,,,,
40,2016-12-01,0,SI,123,32392,0,NIOBRARA-CODELL,52.0,,,-5.0,47,,,,,,,,,,,,,
41,2016-11-01,0,SI,123,32392,0,NIOBRARA-CODELL,52.0,,,,52,,,,,,,,,,,,,
42,2016-10-01,16,PR,123,32392,0,NIOBRARA-CODELL,36.0,16.0,,,52,,412.0,,,,412.0,1298.0,,,,,,
43,2016-09-01,23,PR,123,32392,0,NIOBRARA-CODELL,175.0,15.0,154.0,,36,60.6,494.0,,,,494.0,1298.0,,,38.0,,,P
44,2016-08-01,31,PR,123,32392,0,NIOBRARA-CODELL,155.0,20.0,,,175,,772.0,,,,772.0,1298.0,,,,,,
45,2016-07-01,31,PR,123,32392,0,NIOBRARA-CODELL,137.0,18.0,,,155,,750.0,,,,750.0,1298.0,,,,,,
46,2016-06-01,29,PR,123,32392,0,NIOBRARA-CODELL,119.0,18.0,,,137,,702.0,,,,702.0,1298.0,,,,,,
47,2016-05-01,31,PR,123,32392,0,NIOBRARA-CODELL,86.0,33.0,,,119,,914.0,,,,914.0,1298.0,,,,,,
48,2016-04-01,30,PR,123,32392,0,NIOBRARA-CODELL,63.0,23.0,,,86,,800.0,,,,800.0,1298.0,,,,,,
49,2016-03-01,31,PR,123,32392,0,NIOBRARA-CODELL,44.0,19.0,,,63,,796.0,,,,796.0,1262.0,,,23.0,,,P
50,2016-02-01,27,PR,123,32392,0,NIOBRARA-CODELL,211.0,20.0,187.0,,44,68.4,621.0,,,,621.0,1262.0,,,,,,
51,2016-01-01,31,PR,123,32392,0,NIOBRARA-CODELL,191.0,20.0,,,211,,765.0,,,,765.0,1262.0,,,,,,
52,2015-12-01,31,PR,123,32392,0,NIOBRARA-CODELL,153.0,38.0,,,191,,1177.0,,,,1177.0,1262.0,,,27.0,,,P
53,2015-11-01,30,PR,123,32392,0,NIOBRARA-CODELL,127.0,26.0,,,153,,927.0,,,,927.0,1262.0,,,,,,
54,2015-10-01,31,PR,123,32392,0,NIOBRARA-CODELL,105.0,22.0,,,127,,717.0,,,,717.0,1262.0,,,,,,
55,2015-09-01,30,PR,123,32392,0,NIOBRARA-CODELL,82.0,23.0,,,105,,692.0,,,,692.0,1318.0,,,28.0,,,P
56,2015-08-01,31,PR,123,32392,0,NIOBRARA-CODELL,62.0,20.0,,,82,,593.0,,,,593.0,1318.0,,,,,,
57,2015-07-01,31,PR,123,32392,0,NIOBRARA-CODELL,44.0,18.0,,,62,,531.0,,,,531.0,1318.0,,,,,,
58,2015-06-01,30,PR,123,32392,0,NIOBRARA-CODELL,208.0,13.0,177.0,,44,64.2,486.0,,,,486.0,1318.0,,,48.0,,,P
59,2015-05-01,31,PR,123,32392,0,NIOBRARA-CODELL,183.0,25.0,,,208,,522.0,,,,522.0,1318.0,,,,,,
60,2015-04-01,30,PR,123,32392,0,NIOBRARA-CODELL,162.0,21.0,,,183,,596.0,,,,596.0,1318.0,,,,,,
61,2015-03-01,26,PR,123,32392,0,NIOBRARA-CODELL,149.0,13.0,,,162,,493.0,,,,493.0,1318.0,,,,,,
62,2015-02-01,28,PR,123,32392,0,NIOBRARA-CODELL,124.0,25.0,,,149,,630.0,,,,630.0,1318.0,,,27.0,,,P
63,2015-01-01,31,PR,123,32392,0,NIOBRARA-CODELL,80.0,44.0,,,124,,843.0,,,,843.0,1318.0,,,33.0,,,P
64,2014-12-01,31,PR,123,32392,0,NIOBRARA-CODELL,44.0,36.0,,,80,,852.0,,,,852.0,1318.0,,,32.0,,,P
65,2014-11-01,30,PR,123,32392,0,NIOBRARA-CODELL,184.0,45.0,185.0,,44,61.4,1034.0,,,,1034.0,1318.0,,,,,,
66,2014-10-01,31,PR,123,32392,0,NIOBRARA-CODELL,127.0,57.0,,,184,,1239.0,,,,1239.0,1318.0,,,118.0,,,P
67,2014-09-01,27,PR,123,32392,0,NIOBRARA-CODELL,67.0,60.0,,,127,,1137.0,,,,1137.0,1318.0,,,50.0,,,P
68,2014-08-01,1,PR,123,32392,0,NIOBRARA-CODELL,160.0,1.0,91.0,-3.0,67,58.6,,,,,,,,,,,,
69,2014-07-01,17,PR,123,32392,0,NIOBRARA-CODELL,135.0,25.0,,,160,,346.0,,,,346.0,1318.0,,,33.0,,,P
70,2014-06-01,30,PR,123,32392,0,NIOBRARA-CODELL,173.0,108.0,146.0,,135,59.1,1237.0,,,,1237.0,1318.0,,,121.0,,,P
71,2014-05-01,20,PR,123,32392,0,NIOBRARA-CODELL,116.0,57.0,,,173,,533.0,,,,533.0,1318.0,,,46.0,,,P
72,2014-04-01,1,PR,123,32392,0,NIOBRARA-CODELL,112.0,4.0,,,116,,42.0,,,,42.0,1319.0,,,,,,
73,2014-03-01,7,PR,123,32392,0,NIOBRARA-CODELL,111.0,1.0,,,112,,299.0,,,,299.0,1318.0,,,,,,
74,2014-02-01,20,PR,123,32392,0,NIOBRARA-CODELL,201.0,92.0,182.0,,111,61.7,2329.0,,,,2329.0,1318.0,,,,,,
75,2014-01-01,31,PR,123,32392,0,NIOBRARA-CODELL,217.0,154.0,170.0,,201,64.3,4002.0,,,,4002.0,1284.0,,,32.0,,,P
76,2013-12-01,31,PR,123,32392,0,NIOBRARA-CODELL,85.0,132.0,,,217,,3485.0,,,,3485.0,1284.0,,,27.0,,,P
77,2013-11-01,30,PR,123,32392,0,NIOBRARA-CODELL,113.0,154.0,182.0,,85,50.8,4033.0,,,,4033.0,1284.0,,,30.0,,,P
78,2013-10-01,31,PR,123,32392,0,NIOBRARA-CODELL,109.0,199.0,195.0,,113,62.2,4123.0,,,,4123.0,1284.0,,,30.0,,,P
79,2013-09-01,30,PR,123,32392,0,NIOBRARA-CODELL,95.0,203.0,189.0,,109,62.0,4072.0,,,,4072.0,1284.0,,,41.0,,,P
80,2013-08-01,31,PR,123,32392,0,NIOBRARA-CODELL,76.0,197.0,178.0,,95,63.7,4308.0,,,,4308.0,1284.0,,,25.0,,,P
81,2013-07-01,27,PR,123,32392,0,NIOBRARA-CODELL,75.0,175.0,174.0,,76,62.0,3822.0,,,,3822.0,1284.0,,,49.0,,,P
82,2013-06-01,30,PR,123,32392,0,NIOBRARA-CODELL,60.0,206.0,191.0,,75,61.8,4144.0,,,,4144.0,1284.0,,,40.0,,,P
83,2013-05-01,31,PR,123,32392,0,NIOBRARA-CODELL,61.0,207.0,208.0,,60,63.5,4266.0,,,,4266.0,1284.0,,,34.0,,,P
84,2013-04-01,30,PR,123,32392,0,NIOBRARA-CODELL,59.0,188.0,186.0,,61,59.7,4176.0,,,,4176.0,1284.0,,,28.0,,,P
85,2013-03-01,31,PR,123,32392,0,NIOBRARA-CODELL,250.0,187.0,378.0,,59,59.2,4305.0,,,,4305.0,1284.0,,,31.0,,,P
86,2013-02-01,28,PR,123,32392,0,NIOBRARA-CODELL,74.0,176.0,,,250,,3950.0,,,,3950.0,1284.0,,,,,,
87,2013-01-01,25,PR,123,32392,0,NIOBRARA-CODELL,256.0,187.0,369.0,,74,58.9,3826.0,,,,3826.0,1227.0,,,36.0,,,P
88,2012-12-01,31,PR,123,32392,0,NIOBRARA-CODELL,211.0,241.0,196.0,,256,62.4,5294.0,,,,5294.0,1227.0,,,44.0,,,P
89,2012-11-01,30,PR,123,32392,0,NIOBRARA-CODELL,96.0,292.0,177.0,,211,63.9,6008.0,,,,6008.0,1227.0,,,74.0,,,P
90,2012-10-01,31,PR,123,32392,0,NIOBRARA-CODELL,140.0,324.0,368.0,,96,62.6,6376.0,,,,6376.0,1227.0,,,74.0,,,P
91,2012-09-01,30,PR,123,32392,0,NIOBRARA-CODELL,150.0,343.0,353.0,,140,61.1,6297.0,,,,6297.0,1227.0,,,68.0,,,P
92,2012-08-01,31,PR,123,32392,0,NIOBRARA-CODELL,108.0,405.0,363.0,,150,59.3,7442.0,,,,7442.0,1227.0,,,91.0,,,P
93,2012-07-01,31,PR,123,32392,0,NIOBRARA-CODELL,215.0,449.0,556.0,,108,60.3,7774.0,,,,7774.0,1227.0,,,70.0,,,P
94,2012-06-01,30,PR,123,32392,0,NIOBRARA-CODELL,180.0,563.0,528.0,,215,60.2,9046.0,,,,9046.0,1227.0,,,118.0,,,P
95,2012-05-01,31,PR,123,32392,0,NIOBRARA-CODELL,142.0,890.0,852.0,,180,60.9,11298.0,,,,11298.0,1227.0,,,132.0,,,P
96,2012-04-01,23,PR,123,32392,0,NIOBRARA-CODELL,173.0,875.0,906.0,,142,57.4,7416.0,,,,7416.0,1227.0,,,128.0,,,P
97,2012-03-01,9,PR,123,32392,0,NIOBRARA-CODELL,,464.0,291.0,,173,56.4,4807.0,,,,4807.0,1253.0,,,158.0,,,P
