,First of Month,Days Produced,Well Status,API County,API Sequence,API Sidetrack,Formation,BOM Inventory,Oil Produced,Oil Sold,Oil Adjustment,EOM Inventory,Oil Gravity,Gas Produced,Gas Flared,Gas Used,Gas Shrinkage,Gas Sold,Gas BTU,Gas Tubing Pressure,Gas Casing Pressure,Water Volume,Water Tubing Pressure,Water Casing Pressure,Water Disp Code
0,2020-04-01,20.0,PR,123,36266,0,NIOBRARA,81.0,70.0,143.0,-8.0,,54.4,886.0,,,,886.0,1313.0,,,29.0,,,M
1,2020-03-01,31.0,PR,123,36266,0,NIOBRARA,39.0,125.0,83.0,,81.0,54.0,1419.0,,,,1419.0,1276.0,,,56.0,,,M
2,2020-02-01,18.0,PR,123,36266,0,NIOBRARA,37.0,87.0,85.0,,39.0,55.1,1014.0,,,,1014.0,1276.0,,,30.0,,,M
3,2020-01-01,13.0,PR,123,36266,0,NIOBRARA,64.0,61.0,88.0,,37.0,55.1,774.0,,,,774.0,1276.0,,,16.0,,,M
4,2019-12-01,3.0,PR,123,36266,0,NIOBRARA,62.0,18.0,16.0,,64.0,57.7,238.0,,,,238.0,1276.0,,,4.0,,,M
5,2019-11-01,2.0,PR,123,36266,0,NIOBRARA,134.0,3.0,74.0,-1.0,62.0,53.5,42.0,,,,42.0,1275.0,,,1.0,,,M
6,2019-10-01,31.0,PR,123,36266,0,NIOBRARA,129.0,96.0,91.0,,134.0,44.6,1212.0,,,,1212.0,1276.0,,,48.0,,,M
7,2019-09-01,27.0,PR,123,36266,0,NIOBRARA,161.0,98.0,130.0,,129.0,53.9,1121.0,,,,1121.0,1276.0,,,37.0,,,M
8,2019-08-01,31.0,PR,123,36266,0,NIOBRARA,137.0,117.0,93.0,,161.0,52.9,1486.0,,,,1486.0,1276.0,,,51.0,,,M
9,2019-07-01,31.0,PR,123,36266,0,NIOBRARA,116.0,111.0,90.0,,137.0,51.9,1299.0,,,,1299.0,1276.0,,,49.0,,,M
10,2019-06-01,30.0,PR,123,36266,0,NIOBRARA,137.0,97.0,118.0,,116.0,53.6,1072.0,,,,1072.0,1276.0,,,36.0,,,M
11,2019-05-01,31.0,PR,123,36266,0,NIOBRARA,139.0,129.0,131.0,,137.0,54.1,1394.0,,,,1394.0,1276.0,,,61.0,,,M
12,2019-04-01,26.0,PR,123,36266,0,NIOBRARA,165.0,102.0,127.0,-1.0,139.0,54.4,1478.0,,,,1478.0,1276.0,,,33.0,,,M
13,2019-03-01,1.0,PR,123,36266,0,NIOBRARA,161.0,4.0,,,165.0,,,,,,,,,,,,,
14,2019-02-01,13.0,PR,123,36266,0,NIOBRARA,312.0,51.0,202.0,,161.0,54.6,626.0,,,,626.0,1275.0,,,25.0,,,M
15,2019-01-01,28.0,PR,123,36266,0,NIOBRARA,373.0,134.0,195.0,,312.0,57.0,1934.0,,,,1934.0,1276.0,,,70.0,,,M
16,2018-12-01,30.0,PR,123,36266,0,NIOBRARA,203.0,171.0,,-1.0,373.0,,2124.0,,31.0,,2093.0,1276.0,,,67.0,,,M
17,2018-11-01,30.0,PR,123,36266,0,NIOBRARA,199.0,198.0,193.0,-1.0,203.0,56.3,2255.0,,33.0,,2222.0,1276.0,,,102.0,,,M
18,2018-10-01,30.0,PR,123,36266,0,NIOBRARA,235.0,163.0,200.0,1.0,199.0,55.1,2322.0,,34.0,,2288.0,1277.0,,,87.0,,,M
19,2018-09-01,30.0,PR,123,36266,0,NIOBRARA,137.0,125.0,,-27.0,235.0,,1770.0,,26.0,,1744.0,1277.0,,,29.0,,,M
20,2018-08-01,7.0,PR,123,36266,0,NIOBRARA,473.0,24.0,174.0,-186.0,137.0,50.1,531.0,,,,531.0,1323.0,,,200.0,,,M
21,2018-07-01,30.0,PR,123,36266,0,NIOBRARA,402.0,71.0,,,473.0,,1921.0,,,,1921.0,1323.0,,,200.0,,,M
22,2018-06-01,30.0,PR,123,36266,0,NIOBRARA,413.0,171.0,182.0,,402.0,52.8,2156.0,,,,2156.0,1323.0,,,195.0,,,M
23,2018-05-01,30.0,PR,123,36266,0,NIOBRARA,293.0,120.0,,,413.0,,1842.0,,,,1842.0,1323.0,,,212.0,,,M
24,2018-04-01,29.0,PR,123,36266,0,NIOBRARA,363.0,112.0,182.0,,293.0,54.4,1662.0,,,,1662.0,1323.0,,,115.0,,,M
25,2018-03-01,29.0,PR,123,36266,0,NIOBRARA,243.0,303.0,183.0,,363.0,54.3,1731.0,,,,1731.0,1323.0,,,145.0,,,M
26,2018-02-01,28.0,PR,123,36266,0,NIOBRARA,118.0,125.0,,,243.0,,1731.0,,,,1731.0,1323.0,,,29.0,,,M
27,2018-01-01,31.0,PR,123,36266,0,NIOBRARA,170.0,163.0,215.0,,118.0,54.5,2359.0,,,,2359.0,1323.0,,,96.0,,,M
28,2017-12-01,31.0,PR,123,36266,0,NIOBRARA,201.0,169.0,200.0,,170.0,56.4,2975.0,,,,2975.0,1323.0,,,77.0,,,M
29,2017-11-01,30.0,PR,123,36266,0,NIOBRARA,270.0,168.0,237.0,,201.0,56.4,2975.0,,,,2975.0,1323.0,,,73.0,,,M
30,2017-10-01,31.0,PR,123,36266,0,NIOBRARA,131.0,139.0,,,270.0,,1664.0,,,,1664.0,1323.0,,,85.0,,,M
31,2017-09-01,30.0,PR,123,36266,0,NIOBRARA,91.0,40.0,,,131.0,,1226.0,,,,1226.0,1323.0,,,79.0,,,M
32,2017-08-01,30.0,PR,123,36266,0,NIOBRARA,279.0,,188.0,,91.0,52.8,118.0,,,,118.0,1323.0,,,,,,M
33,2017-07-01,30.0,PR,123,36266,0,NIOBRARA,114.0,165.0,,,279.0,,2559.0,,,,2559.0,1323.0,,,108.0,,,M
34,2017-06-01,30.0,PR,123,36266,0,NIOBRARA,147.0,170.0,203.0,,114.0,52.1,2905.0,,,,2905.0,1323.0,,,125.0,,,M
35,2017-05-01,30.0,PR,123,36266,0,NIOBRARA,202.0,157.0,212.0,,147.0,52.1,2005.0,,,,2005.0,1323.0,,,,,,
36,2017-04-01,30.0,PR,123,36266,0,NIOBRARA,249.0,176.0,223.0,,202.0,52.9,3090.0,,,,3090.0,1089.0,,,,,,M
37,2017-03-01,31.0,PR,123,36266,0,NIOBRARA,235.0,232.0,218.0,,249.0,52.8,3480.0,,,,3480.0,1087.0,,,,,,M
38,2017-02-01,28.0,PR,123,36266,0,NIOBRARA,479.0,187.0,431.0,,235.0,54.2,3221.0,,,,3221.0,1089.0,,,,,,M
39,2017-01-01,31.0,PR,123,36266,0,NIOBRARA,244.0,235.0,,,479.0,,3167.0,,,,3167.0,1091.0,,,152.0,,,M
40,2016-12-01,31.0,PR,123,36266,0,NIOBRARA,338.0,107.0,201.0,,244.0,53.7,1685.0,,,,1685.0,1092.0,,,9.0,,,M
41,2016-11-01,30.0,PR,123,36266,0,NIOBRARA,344.0,228.0,203.0,-31.0,338.0,54.7,2574.0,,,,2574.0,1095.0,,,116.0,,,M
42,2016-10-01,29.0,PR,123,36266,0,NIOBRARA,540.0,271.0,413.0,-54.0,344.0,53.0,2898.0,,,,2898.0,1093.0,,,37.0,,,M
43,2016-09-01,30.0,PR,123,36266,0,NIOBRARA,420.0,225.0,50.0,-55.0,540.0,54.1,2590.0,,,,2590.0,1094.0,,,34.0,,,M
44,2016-08-01,2.0,PR,123,36266,0,NIOBRARA,342.0,78.0,,,420.0,,992.0,,,,992.0,1093.0,,,,,,M
45,2016-07-01,27.0,PR,123,36266,0,NIOBRARA,242.0,100.0,,,342.0,,2078.0,,,,2078.0,1094.0,,,34.0,,,M
46,2016-06-01,30.0,PR,123,36266,0,NIOBRARA,323.0,114.0,195.0,,242.0,52.3,2339.0,,,,2339.0,1094.0,,,82.0,,,M
47,2016-05-01,31.0,PR,123,36266,0,NIOBRARA,365.0,169.0,211.0,,323.0,54.4,2327.0,,,,2327.0,1094.0,,,27.0,,,M
48,2016-04-01,30.0,PR,123,36266,0,NIOBRARA,401.0,189.0,225.0,,365.0,54.4,2828.0,,,,2828.0,1103.0,,,79.0,,,M
49,2016-03-01,31.0,PR,123,36266,0,NIOBRARA,334.0,279.0,212.0,,401.0,55.9,3248.0,,,,3248.0,1107.0,,,76.0,,,M
50,2016-02-01,29.0,PR,123,36266,0,NIOBRARA,561.0,66.0,418.0,125.0,334.0,53.5,3830.0,,,,3830.0,1105.0,,,99.0,,,M
51,2016-01-01,27.0,PR,123,36266,0,NIOBRARA,340.0,221.0,,,561.0,,1977.0,,,,1977.0,1104.0,,,43.0,,,M
52,2015-12-01,31.0,PR,123,36266,0,NIOBRARA,478.0,297.0,435.0,,340.0,54.0,3210.0,,,,3210.0,1109.0,,,114.0,,,M
53,2015-11-01,30.0,PR,123,36266,0,NIOBRARA,435.0,264.0,221.0,,478.0,53.5,3387.0,,,,3387.0,1094.0,,,58.0,,,M
54,2015-10-01,31.0,PR,123,36266,0,NIOBRARA,374.0,307.0,246.0,,435.0,53.6,4464.0,,,,4464.0,1095.0,,,146.0,,,M
55,2015-09-01,30.0,PR,123,36266,0,NIOBRARA,487.0,306.0,419.0,,374.0,52.9,4529.0,,,,4529.0,1088.0,,,112.0,,,M
56,2015-08-01,31.0,PR,123,36266,0,NIOBRARA,498.0,389.0,400.0,,487.0,52.7,5041.0,,,,5041.0,1089.0,,,146.0,,,M
57,2015-07-01,31.0,PR,123,36266,0,NIOBRARA,351.0,350.0,203.0,,498.0,47.3,4370.0,,,,4370.0,1089.0,,,64.0,,,M
58,2015-06-01,30.0,PR,123,36266,0,NIOBRARA,538.0,311.0,498.0,,351.0,54.1,4241.0,,,,4241.0,1104.0,,,92.0,,,M
59,2015-05-01,30.0,PR,123,36266,0,NIOBRARA,625.0,289.0,376.0,,538.0,51.3,3617.0,,,,3617.0,1099.0,,,96.0,,,M
60,2015-04-01,30.0,PR,123,36266,0,NIOBRARA,502.0,308.0,185.0,,625.0,55.5,3403.0,,,,3403.0,1102.0,,,72.0,,,M
61,2015-03-01,31.0,PR,123,36266,0,NIOBRARA,587.0,304.0,389.0,,502.0,54.4,4235.0,,,,4235.0,1105.0,,,83.0,,,M
62,2015-02-01,28.0,PR,123,36266,0,NIOBRARA,535.0,419.0,367.0,,587.0,55.7,5209.0,,,,5209.0,1101.0,,,119.0,,,M
63,2015-01-01,31.0,PR,123,36266,0,NIOBRARA,528.0,203.0,196.0,,535.0,56.2,4679.0,,,,4679.0,1102.0,,,9.0,,,M
64,2014-12-01,31.0,PR,123,36266,0,NIOBRARA,662.0,270.0,404.0,,528.0,55.3,4338.0,,,,4338.0,1103.0,,,159.0,,,M
65,2014-11-01,30.0,PR,123,36266,0,NIOBRARA,443.0,387.0,168.0,,662.0,55.5,6346.0,,,,6346.0,1104.0,,,110.0,,,M
66,2014-10-01,31.0,PR,123,36266,0,NIOBRARA,557.0,467.0,581.0,,443.0,53.7,7733.0,,,,7733.0,1105.0,,,205.0,,,M
67,2014-09-01,30.0,PR,123,36266,0,NIOBRARA,283.0,501.0,227.0,,557.0,54.1,8138.0,,,,8138.0,1113.0,,,168.0,,,M
68,2014-08-01,31.0,PR,123,36266,0,NIOBRARA,405.0,576.0,698.0,,283.0,53.3,7575.0,,,,7575.0,1106.0,,,226.0,,,M
69,2014-07-01,31.0,PR,123,36266,0,NIOBRARA,466.0,387.0,448.0,,405.0,54.2,6226.0,,,,6226.0,1235.0,,,115.0,,,M
70,2014-06-01,30.0,PR,123,36266,0,NIOBRARA,334.0,529.0,397.0,,466.0,54.2,8231.0,,,,8231.0,1235.0,,,68.0,,,M
71,2014-05-01,31.0,PR,123,36266,0,NIOBRARA,361.0,705.0,732.0,,334.0,54.8,10303.0,,,,10303.0,1235.0,,,276.0,,,M
72,2014-04-01,30.0,PR,123,36266,0,NIOBRARA,332.0,783.0,754.0,,361.0,54.8,8141.0,,,,8141.0,1235.0,,,222.0,,,M
73,2014-03-01,31.0,PR,123,36266,0,NIOBRARA,304.0,580.0,552.0,,332.0,53.4,4879.0,,,,4879.0,1235.0,,,155.0,,,M
74,2014-02-01,28.0,PR,123,36266,0,NIOBRARA,476.0,647.0,796.0,-23.0,304.0,54.6,6417.0,,,,6417.0,1235.0,,,161.0,,,M
75,2014-01-01,31.0,PR,123,36266,0,NIOBRARA,678.0,392.0,594.0,,476.0,53.1,4498.0,,,,4498.0,1235.0,,,75.0,,,M
76,2013-12-01,31.0,PR,123,36266,0,NIOBRARA,516.0,604.0,425.0,-17.0,678.0,52.3,6739.0,,,,6739.0,1235.0,,,137.0,,,M
77,2013-11-01,30.0,PR,123,36266,0,NIOBRARA,616.0,700.0,800.0,,516.0,52.3,9232.0,,,,9232.0,1235.0,,,200.0,,,M
78,2013-10-01,31.0,PR,123,36266,0,NIOBRARA,285.0,759.0,428.0,,616.0,52.2,11448.0,,,,11448.0,1235.0,,,271.0,,,M
79,2013-09-01,30.0,PR,123,36266,0,NIOBRARA,616.0,929.0,1260.0,,285.0,51.7,13398.0,,,,13398.0,1235.0,,,309.0,,,M
80,2013-08-01,31.0,PR,123,36266,0,NIOBRARA,595.0,1086.0,1065.0,,616.0,51.8,12199.0,,,,12199.0,1305.0,,,321.0,,,M
81,2013-07-01,31.0,PR,123,36266,0,NIOBRARA,319.0,1096.0,820.0,,595.0,50.1,11330.0,,,,11330.0,1305.0,,,302.0,,,M
82,2013-06-01,30.0,PR,123,36266,0,NIOBRARA,595.0,1231.0,1528.0,21.0,319.0,50.3,13332.0,,,,13332.0,1305.0,,,402.0,,,M
83,2013-05-01,31.0,PR,123,36266,0,NIOBRARA,536.0,1654.0,1610.0,15.0,595.0,51.3,16114.0,,,,16114.0,1305.0,,,598.0,,,M
84,2013-04-01,30.0,PR,123,36266,0,NIOBRARA,606.0,2492.0,2785.0,223.0,536.0,51.8,12634.0,,,,12634.0,1305.0,,,600.0,,,M
85,2013-03-01,31.0,PR,123,36266,0,NIOBRARA,34.0,2789.0,2768.0,551.0,606.0,49.4,10192.0,,,,10192.0,1343.0,,,1548.0,,,M
86,2013-02-01,,SI,123,36266,0,NIOBRARA,,,,34.0,34.0,,,,,,,,,,,,,
87,2013-01-01,,WO,123,36266,0,NIOBRARA,,,343.0,-343.0,,44.2,,,,,,,,,,,,
88,2012-12-01,,DG,123,36266,0,NIOBRARA,,,,,,,,,,,,,,,,,,
