,First of Month,Days Produced,Well Status,API County,API Sequence,API Sidetrack,Formation,BOM Inventory,Oil Produced,Oil Sold,Oil Adjustment,EOM Inventory,Oil Gravity,Gas Produced,Gas Flared,Gas Used,Gas Shrinkage,Gas Sold,Gas BTU,Gas Tubing Pressure,Gas Casing Pressure,Water Volume,Water Tubing Pressure,Water Casing Pressure,Water Disp Code
0,2020-03-01,31.0,PR,123,39775,0,NIOBRARA,421.0,1071.0,1254.0,-14.0,224.0,45.5,3375.0,,,,3375.0,1326.0,,,401.0,,,M
1,2020-02-01,29.0,PR,123,39775,0,NIOBRARA,77.0,1565.0,1221.0,,421.0,45.3,5255.0,,,,5255.0,1309.0,,,368.0,,,M
2,2020-01-01,10.0,PR,123,39775,0,NIOBRARA,,242.0,165.0,,77.0,45.7,291.0,,,,291.0,1309.0,,,84.0,,,M
3,2019-12-01,0.0,SI,123,39775,0,NIOBRARA,27.0,,27.0,,,46.5,,,,,,,,,,,,
4,2019-11-01,0.0,SI,123,39775,0,NIOBRARA,101.0,,74.0,,27.0,45.4,,,,,,,,,,,,
5,2019-10-01,28.0,PR,123,39775,0,NIOBRARA,109.0,549.0,557.0,,101.0,44.5,4918.0,,,,4918.0,1309.0,,,102.0,,,M
6,2019-09-01,26.0,PR,123,39775,0,NIOBRARA,178.0,458.0,527.0,,109.0,44.5,5373.0,,,,5373.0,1375.0,,,61.0,,,M
7,2019-08-01,31.0,PR,123,39775,0,NIOBRARA,99.0,617.0,538.0,,178.0,43.5,5530.0,,,,5530.0,1375.0,,,123.0,,,M
8,2019-07-01,30.0,PR,123,39775,0,NIOBRARA,78.0,457.0,436.0,,99.0,43.7,5403.0,,,,5403.0,1375.0,,,84.0,,,M
9,2019-06-01,30.0,PR,123,39775,0,NIOBRARA,88.0,464.0,474.0,,78.0,44.7,5983.0,,,,5983.0,1375.0,,,120.0,,,M
10,2019-05-01,31.0,PR,123,39775,0,NIOBRARA,116.0,456.0,484.0,,88.0,44.6,6212.0,,,,6212.0,1375.0,,,104.0,,,M
11,2019-04-01,30.0,PR,123,39775,0,NIOBRARA,93.0,508.0,485.0,,116.0,44.8,5374.0,,,,5374.0,1375.0,,,103.0,,,M
12,2019-03-01,31.0,PR,123,39775,0,NIOBRARA,117.0,533.0,557.0,,93.0,45.3,5669.0,,,,5669.0,1375.0,,,111.0,,,M
13,2019-02-01,28.0,PR,123,39775,0,NIOBRARA,127.0,476.0,486.0,,117.0,46.0,4525.0,,,,4525.0,1369.0,,,122.0,,,C
14,2019-01-01,31.0,PR,123,39775,0,NIOBRARA,143.0,437.0,419.0,-34.0,127.0,46.3,4780.0,,,,4780.0,1369.0,,,72.0,,,C
15,2018-12-01,31.0,PR,123,39775,0,NIOBRARA,143.0,577.0,574.0,-3.0,143.0,46.0,4737.0,,,,4737.0,1369.0,,,88.0,,,C
16,2018-11-01,30.0,PR,123,39775,0,NIOBRARA,130.0,549.0,536.0,,143.0,44.7,4829.0,,,,4829.0,1369.0,,,102.0,,,C
17,2018-10-01,31.0,PR,123,39775,0,NIOBRARA,162.0,573.0,590.0,-15.0,130.0,44.4,3959.0,,,,3959.0,1369.0,,,,,,
18,2018-09-01,30.0,PR,123,39775,0,NIOBRARA,182.0,640.0,660.0,,162.0,43.8,4521.0,,,,4521.0,1369.0,,,128.0,,,C
19,2018-08-01,31.0,PR,123,39775,0,NIOBRARA,174.0,619.0,611.0,,182.0,43.7,4733.0,,,,4733.0,1333.0,,,133.0,,,C
20,2018-07-01,31.0,PR,123,39775,0,NIOBRARA,151.0,717.0,694.0,,174.0,44.2,5037.0,,,,5037.0,1333.0,,,147.0,,,C
21,2018-06-01,30.0,PR,123,39775,0,NIOBRARA,167.0,666.0,680.0,-2.0,151.0,43.8,3997.0,,,,3997.0,1333.0,,,132.0,,,C
22,2018-05-01,31.0,PR,123,39775,0,NIOBRARA,132.0,768.0,733.0,,167.0,44.3,3433.0,,,,3433.0,1333.0,,,,,,
23,2018-04-01,30.0,PR,123,39775,0,NIOBRARA,107.0,685.0,660.0,,132.0,45.6,2465.0,,,,2465.0,1333.0,,,189.0,,,C
24,2018-03-01,31.0,PR,123,39775,0,NIOBRARA,163.0,731.0,787.0,,107.0,45.5,3077.0,,,,3077.0,1333.0,,,,,,
25,2018-02-01,28.0,PR,123,39775,0,NIOBRARA,169.0,804.0,810.0,,163.0,45.7,3399.0,,,,3399.0,1294.0,,,80.0,,,C
26,2018-01-01,31.0,PR,123,39775,0,NIOBRARA,165.0,902.0,898.0,,169.0,45.7,3141.0,,,,3141.0,1294.0,,,124.0,,,C
27,2017-12-01,31.0,PR,123,39775,0,NIOBRARA,79.0,767.0,681.0,,165.0,45.9,2239.0,,,,2239.0,1294.0,,,159.0,,,C
28,2017-11-01,25.0,PR,123,39775,0,NIOBRARA,97.0,423.0,441.0,,79.0,45.7,864.0,,,,864.0,1354.0,,,38.0,,,C
29,2017-10-01,31.0,PR,123,39775,0,NIOBRARA,88.0,563.0,554.0,,97.0,44.8,1374.0,,,,1374.0,1354.0,,,68.0,,,C
30,2017-09-01,30.0,PR,123,39775,0,NIOBRARA,73.0,619.0,604.0,,88.0,44.2,2167.0,,,,2167.0,1331.0,,,110.0,,,C
31,2017-08-01,31.0,PR,123,39775,0,NIOBRARA,78.0,561.0,566.0,,73.0,44.1,1695.0,,,,1695.0,1331.0,,,74.0,,,C
32,2017-07-01,31.0,PR,123,39775,0,NIOBRARA,106.0,557.0,579.0,-6.0,78.0,44.2,1966.0,,,,1966.0,1331.0,,,69.0,,,C
33,2017-06-01,30.0,PR,123,39775,0,NIOBRARA,133.0,707.0,734.0,,106.0,45.0,2720.0,,,,2720.0,1331.0,,,109.0,,,C
34,2017-05-01,31.0,PR,123,39775,0,NIOBRARA,101.0,922.0,890.0,,133.0,46.4,4009.0,,,,4009.0,1331.0,,,192.0,,,C
35,2017-04-01,30.0,PR,123,39775,0,NIOBRARA,102.0,743.0,744.0,,101.0,44.9,3655.0,,,,3655.0,1331.0,,,163.0,,,C
36,2017-03-01,31.0,PR,123,39775,0,NIOBRARA,112.0,1000.0,1010.0,,102.0,45.5,6204.0,,,,6204.0,1331.0,,,176.0,,,C
37,2017-02-01,28.0,PR,123,39775,0,NIOBRARA,149.0,1031.0,1068.0,,112.0,45.0,5050.0,,,,5050.0,1343.0,,,182.0,,,C
38,2017-01-01,31.0,PR,123,39775,0,NIOBRARA,148.0,1061.0,1060.0,,149.0,45.3,4947.0,,,,4947.0,1343.0,,,181.0,,,C
39,2016-12-01,31.0,PR,123,39775,0,NIOBRARA,118.0,1329.0,1299.0,,148.0,45.2,5961.0,,,,5961.0,1343.0,,,208.0,,,C
40,2016-11-01,30.0,PR,123,39775,0,NIOBRARA,100.0,976.0,958.0,,118.0,44.5,3564.0,,,,3564.0,1290.0,,,148.0,,,C
41,2016-10-01,31.0,PR,123,39775,0,NIOBRARA,105.0,1295.0,1300.0,,100.0,44.2,4876.0,,,,4876.0,1290.0,,,162.0,,,C
42,2016-09-01,30.0,PR,123,39775,0,NIOBRARA,112.0,1201.0,1208.0,,105.0,43.6,4216.0,,,,4216.0,1290.0,,,151.0,,,C
43,2016-08-01,31.0,PR,123,39775,0,NIOBRARA,105.0,1332.0,1325.0,,112.0,43.6,4479.0,,,,4479.0,1321.0,,,208.0,,,M
44,2016-07-01,31.0,PR,123,39775,0,NIOBRARA,125.0,1409.0,1429.0,,105.0,43.2,4032.0,,,,4032.0,1321.0,,,232.0,,,M
45,2016-06-01,30.0,PR,123,39775,0,NIOBRARA,189.0,1302.0,1366.0,,125.0,43.4,3676.0,,,,3676.0,1321.0,,,188.0,,,C
46,2016-05-01,31.0,PR,123,39775,0,NIOBRARA,161.0,1525.0,1497.0,,189.0,43.1,3907.0,,,,3907.0,1319.0,,,277.0,,,M
47,2016-04-01,30.0,PR,123,39775,0,NIOBRARA,145.0,1540.0,1524.0,,161.0,43.4,4111.0,,,,4111.0,1319.0,,,333.0,,,C
48,2016-03-01,31.0,PR,123,39775,0,NIOBRARA,229.0,1709.0,1793.0,,145.0,42.5,4646.0,,,,4646.0,1319.0,,,362.0,,,M
49,2016-02-01,29.0,PR,123,39775,0,NIOBRARA,165.0,1811.0,1747.0,,229.0,43.3,4754.0,,,,4754.0,1373.0,,,417.0,,,M
50,2016-01-01,31.0,PR,123,39775,0,NIOBRARA,243.0,1978.0,2056.0,,165.0,43.1,5362.0,,,,5362.0,1373.0,,,453.0,,,M
51,2015-12-01,31.0,PR,123,39775,0,NIOBRARA,167.0,2209.0,2133.0,,243.0,43.0,5421.0,,,,5421.0,1373.0,,,484.0,,,M
52,2015-11-01,30.0,PR,123,39775,0,NIOBRARA,205.0,2477.0,2515.0,,167.0,42.7,5933.0,,,,5933.0,1373.0,,,570.0,,,M
53,2015-10-01,31.0,PR,123,39775,0,NIOBRARA,329.0,3167.0,3291.0,,205.0,41.8,8128.0,,,,8128.0,1373.0,,,874.0,,,C
54,2015-09-01,30.0,PR,123,39775,0,NIOBRARA,194.0,3723.0,3588.0,,329.0,41.7,8276.0,,,,8276.0,1373.0,,,965.0,,,C
55,2015-08-01,31.0,PR,123,39775,0,NIOBRARA,273.0,4774.0,4853.0,,194.0,42.0,8654.0,,,,8654.0,1390.0,,,1400.0,,,C
56,2015-07-01,31.0,PR,123,39775,0,NIOBRARA,387.0,5392.0,5506.0,,273.0,41.6,6135.0,,,,6135.0,1390.0,,,2406.0,,,C
57,2015-06-01,30.0,PR,123,39775,0,NIOBRARA,105.0,4570.0,4288.0,,387.0,42.2,4028.0,,,,4028.0,1390.0,,,5106.0,,,C
58,2015-05-01,5.0,PR,123,39775,0,NIOBRARA,,233.0,128.0,,105.0,41.2,227.0,,,,227.0,1331.0,,,1599.0,,,C
59,2015-04-01,,DG,123,39775,0,NIOBRARA,,,,,,,,,,,,,,,,,,
60,2015-03-01,,DG,123,39775,0,NIOBRARA,,,,,,,,,,,,,,,,,,
61,2015-02-01,,DG,123,39775,0,NIOBRARA,,,,,,,,,,,,,,,,,,
62,2015-01-01,,DG,123,39775,0,NIOBRARA,,,,,,,,,,,,,,,,,,
63,2014-12-01,,DG,123,39775,0,NIOBRARA,,,,,,,,,,,,,,,,,,
64,2014-11-01,,DG,123,39775,0,NIOBRARA,,,,,,,,,,,,,,,,,,
65,2014-10-01,,DG,123,39775,0,NIOBRARA,,,,,,,,,,,,,,,,,,
