,First of Month,Days Produced,Well Status,API County,API Sequence,API Sidetrack,Formation,BOM Inventory,Oil Produced,Oil Sold,Oil Adjustment,EOM Inventory,Oil Gravity,Gas Produced,Gas Flared,Gas Used,Gas Shrinkage,Gas Sold,Gas BTU,Gas Tubing Pressure,Gas Casing Pressure,Water Volume,Water Tubing Pressure,Water Casing Pressure,Water Disp Code
0,2020-04-01,30.0,PR,123,39533,0,NIOBRARA,175.0,103.0,248.0,,30.0,35.9,58.0,1.0,,,57.0,1316.0,,,87.0,,,M
1,2020-03-01,31.0,PR,123,39533,0,NIOBRARA,19.0,838.0,682.0,,175.0,37.1,493.0,78.0,,,415.0,1307.0,,,620.0,,,M
2,2020-02-01,29.0,PR,123,39533,0,NIOBRARA,8.0,64.0,53.0,,19.0,37.1,229.0,29.0,,,200.0,1326.0,,,432.0,,,M
3,2020-01-01,31.0,PR,123,39533,0,NIOBRARA,3.0,28.0,23.0,,8.0,36.6,153.0,16.0,,,137.0,1338.0,,,459.0,,,M
4,2019-12-01,30.0,PR,123,39533,0,NIOBRARA,54.0,20.0,71.0,,3.0,35.8,282.0,120.0,,,162.0,1298.0,,,52.0,,,M
5,2019-11-01,24.0,PR,123,39533,0,NIOBRARA,221.0,158.0,325.0,,54.0,34.9,49.0,5.0,,,44.0,1291.0,,,388.0,,,M
6,2019-10-01,22.0,PR,123,39533,0,NIOBRARA,143.0,412.0,334.0,,221.0,31.1,256.0,43.0,,,213.0,1278.0,,,262.0,,,M
7,2019-09-01,21.0,PR,123,39533,0,NIOBRARA,190.0,681.0,728.0,,143.0,36.2,804.0,207.0,,,597.0,1274.0,,,405.0,,,M
8,2019-08-01,18.0,PR,123,39533,0,NIOBRARA,127.0,658.0,595.0,,190.0,36.8,892.0,144.0,,,748.0,1275.0,,,685.0,,,M
9,2019-07-01,23.0,PR,123,39533,0,NIOBRARA,93.0,699.0,665.0,,127.0,37.5,870.0,51.0,,,819.0,1272.0,,,309.0,,,M
10,2019-06-01,20.0,PR,123,39533,0,NIOBRARA,266.0,595.0,768.0,,93.0,36.3,970.0,59.0,,,911.0,1274.0,,,332.0,,,M
11,2019-05-01,31.0,PR,123,39533,0,NIOBRARA,213.0,758.0,705.0,,266.0,36.8,1779.0,116.0,,,1663.0,1273.0,,,598.0,,,M
12,2019-04-01,19.0,PR,123,39533,0,NIOBRARA,187.0,659.0,633.0,,213.0,37.3,977.0,62.0,,,915.0,1274.0,,,329.0,,,M
13,2019-03-01,31.0,PR,123,39533,0,NIOBRARA,176.0,617.0,606.0,,187.0,37.7,1104.0,122.0,,,982.0,1295.0,,,309.0,,,M
14,2019-02-01,19.0,PR,123,39533,0,NIOBRARA,203.0,449.0,476.0,,176.0,36.5,1138.0,195.0,,,943.0,1313.0,,,167.0,,,M
15,2019-01-01,31.0,PR,123,39533,0,NIOBRARA,315.0,656.0,768.0,,203.0,37.4,2657.0,3.0,,,2654.0,1285.0,,,265.0,,,M
16,2018-12-01,31.0,PR,123,39533,0,NIOBRARA,283.0,810.0,778.0,,315.0,37.8,2509.0,61.0,,,2448.0,1276.0,,,321.0,,,M
17,2018-11-01,30.0,PR,123,39533,0,NIOBRARA,223.0,771.0,711.0,,283.0,37.7,94.0,1.0,,,93.0,1271.0,,,291.0,,,M
18,2018-10-01,31.0,PR,123,39533,0,NIOBRARA,233.0,722.0,732.0,,223.0,37.7,157.0,,,,157.0,1290.0,,,318.0,,,M
19,2018-09-01,30.0,PR,123,39533,0,NIOBRARA,229.0,808.0,804.0,,233.0,37.1,603.0,3.0,,,600.0,1291.0,,,288.0,,,M
20,2018-08-01,31.0,PR,123,39533,0,NIOBRARA,197.0,862.0,830.0,,229.0,36.2,36.0,,,,36.0,1291.0,,,309.0,,,M
21,2018-07-01,31.0,PR,123,39533,0,NIOBRARA,217.0,897.0,917.0,,197.0,36.8,52.0,4.0,,,48.0,1292.0,,,388.0,,,M
22,2018-06-01,30.0,PR,123,39533,0,NIOBRARA,218.0,982.0,983.0,,217.0,35.6,33.0,,,,33.0,1315.0,,,591.0,,,M
23,2018-05-01,31.0,PR,123,39533,0,NIOBRARA,284.0,963.0,1029.0,,218.0,35.6,71.0,1.0,,,70.0,1298.0,,,404.0,,,M
24,2018-04-01,30.0,PR,123,39533,0,NIOBRARA,220.0,1033.0,969.0,,284.0,36.1,76.0,,,,76.0,1300.0,,,408.0,,,M
25,2018-03-01,31.0,PR,123,39533,0,NIOBRARA,392.0,963.0,1135.0,,220.0,34.4,192.0,1.0,,,191.0,1304.0,,,751.0,,,M
26,2018-02-01,28.0,PR,123,39533,0,NIOBRARA,90.0,724.0,422.0,,392.0,36.9,423.0,,,,423.0,1306.0,,,927.0,,,M
27,2018-01-01,31.0,PR,123,39533,0,NIOBRARA,171.0,452.0,533.0,,90.0,37.3,1118.0,,,,1118.0,1327.0,,,609.0,,,M
28,2017-12-01,31.0,PR,123,39533,0,NIOBRARA,139.0,643.0,611.0,,171.0,38.0,271.0,,,,271.0,1337.0,,,503.0,,,M
29,2017-11-01,30.0,PR,123,39533,0,NIOBRARA,142.0,756.0,759.0,,139.0,37.2,44.0,,,,44.0,1336.0,,,407.0,,,M
30,2017-10-01,31.0,PR,123,39533,0,NIOBRARA,173.0,1111.0,1142.0,,142.0,36.7,112.0,6.0,,,106.0,1336.0,,,375.0,,,M
31,2017-09-01,30.0,PR,123,39533,0,NIOBRARA,181.0,1070.0,1078.0,,173.0,37.0,138.0,,,,138.0,1356.0,,,396.0,,,M
32,2017-08-01,31.0,PR,123,39533,0,NIOBRARA,156.0,1092.0,1067.0,,181.0,36.6,1487.0,378.0,,,1109.0,1286.0,,,916.0,,,M
33,2017-07-01,31.0,PR,123,39533,0,NIOBRARA,150.0,1195.0,1189.0,,156.0,35.9,1920.0,2.0,,,1918.0,1281.0,,,701.0,,,M
34,2017-06-01,30.0,PR,123,39533,0,NIOBRARA,217.0,1210.0,1277.0,,150.0,36.3,1959.0,2.0,,,1957.0,1289.0,,,522.0,,,M
35,2017-05-01,31.0,PR,123,39533,0,NIOBRARA,144.0,1406.0,1333.0,,217.0,36.4,2377.0,6.0,,,2371.0,1292.0,,,756.0,,,M
36,2017-04-01,30.0,PR,123,39533,0,NIOBRARA,180.0,1164.0,1200.0,,144.0,36.8,2188.0,,,,2188.0,1308.0,,,715.0,,,M
37,2017-03-01,31.0,PR,123,39533,0,NIOBRARA,215.0,1457.0,1492.0,,180.0,36.5,1941.0,,,,1941.0,1293.0,,,1099.0,,,M
38,2017-02-01,26.0,PR,123,39533,0,NIOBRARA,241.0,1323.0,1349.0,,215.0,36.8,1661.0,1.0,,,1660.0,1372.0,,,971.0,,,M
39,2017-01-01,31.0,PR,123,39533,0,NIOBRARA,190.0,1624.0,1573.0,,241.0,36.2,1991.0,54.0,,,1937.0,1368.0,,,1231.0,,,M
40,2016-12-01,31.0,PR,123,39533,0,NIOBRARA,122.0,1735.0,1667.0,,190.0,35.8,1892.0,83.0,,,1809.0,1372.0,,,1070.0,,,M
41,2016-11-01,30.0,PR,123,39533,0,NIOBRARA,105.0,1600.0,1583.0,,122.0,36.3,2194.0,12.0,,,2182.0,1365.0,,,897.0,,,M
42,2016-10-01,31.0,PR,123,39533,0,NIOBRARA,71.0,1119.0,1085.0,,105.0,34.9,1784.0,5.0,,,1779.0,1359.0,,,981.0,,,M
43,2016-09-01,30.0,PR,123,39533,0,NIOBRARA,173.0,796.0,898.0,,71.0,35.5,1251.0,4.0,,,1247.0,1369.0,,,1038.0,,,M
44,2016-08-01,31.0,PR,123,39533,0,NIOBRARA,130.0,1618.0,1575.0,,173.0,34.8,2869.0,18.0,,,2851.0,1324.0,,,1371.0,,,M
45,2016-07-01,31.0,PR,123,39533,0,NIOBRARA,222.0,1263.0,1355.0,,130.0,35.6,1986.0,9.0,,,1977.0,1323.0,,,1617.0,,,M
46,2016-06-01,30.0,PR,123,39533,0,NIOBRARA,277.0,1280.0,1335.0,,222.0,34.9,1825.0,40.0,,,1785.0,1327.0,,,1694.0,,,M
47,2016-05-01,31.0,PR,123,39533,0,NIOBRARA,226.0,2240.0,2189.0,,277.0,35.6,3054.0,46.0,,,3008.0,1321.0,,,1524.0,,,M
48,2016-04-01,30.0,PR,123,39533,0,NIOBRARA,292.0,2032.0,2098.0,,226.0,35.7,2986.0,192.0,,,2794.0,1323.0,,,1578.0,,,M
49,2016-03-01,31.0,PR,123,39533,0,NIOBRARA,232.0,2697.0,2637.0,,292.0,35.2,4003.0,13.0,,,3990.0,1316.0,,,2046.0,,,M
50,2016-02-01,27.0,PR,123,39533,0,NIOBRARA,201.0,2429.0,2398.0,,232.0,34.2,3529.0,32.0,,,3497.0,1333.0,,,1570.0,,,M
51,2016-01-01,31.0,PR,123,39533,0,NIOBRARA,239.0,2466.0,2504.0,,201.0,33.5,3761.0,75.0,,,3686.0,1358.0,,,2223.0,,,M
52,2015-12-01,31.0,PR,123,39533,0,NIOBRARA,204.0,2581.0,2546.0,,239.0,33.6,3487.0,119.0,,,3368.0,1372.0,,,2692.0,,,M
53,2015-11-01,30.0,PR,123,39533,0,NIOBRARA,214.0,2590.0,2600.0,,204.0,32.8,3852.0,3.0,,,3849.0,1369.0,,,2692.0,,,M
54,2015-10-01,31.0,PR,123,39533,0,NIOBRARA,217.0,2971.0,2974.0,,214.0,32.9,4421.0,14.0,,,4407.0,1371.0,,,3239.0,,,M
55,2015-09-01,30.0,PR,123,39533,0,NIOBRARA,157.0,2885.0,2825.0,,217.0,32.6,3802.0,1.0,,,3801.0,1372.0,,,4554.0,,,M
56,2015-08-01,30.0,PR,123,39533,0,NIOBRARA,228.0,2797.0,2868.0,,157.0,32.1,3938.0,4.0,,,3934.0,1205.0,,,5047.0,,,M
57,2015-07-01,31.0,PR,123,39533,0,NIOBRARA,262.0,4510.0,4544.0,,228.0,32.5,4860.0,134.0,,,4726.0,1187.0,,,5962.0,,,M
58,2015-06-01,30.0,PR,123,39533,0,NIOBRARA,328.0,5831.0,5897.0,,262.0,31.9,8428.0,,,,8428.0,1150.0,,,8308.0,,,M
59,2015-05-01,31.0,PR,123,39533,0,NIOBRARA,243.0,7733.0,7648.0,,328.0,32.5,10916.0,,,,10916.0,1437.0,,,12003.0,,,M
60,2015-04-01,27.0,PR,123,39533,0,NIOBRARA,82.0,5149.0,4988.0,,243.0,33.8,3718.0,677.0,,,3041.0,1414.0,,,11737.0,,,M
61,2015-03-01,23.0,PR,123,39533,0,NIOBRARA,121.0,2576.0,2615.0,,82.0,34.2,1302.0,171.0,,,1131.0,1388.0,,,2770.0,,,M
62,2015-02-01,11.0,PR,123,39533,0,NIOBRARA,,1197.0,1076.0,,121.0,34.5,581.0,28.0,,,553.0,1380.0,,,2715.0,,,M
63,2015-01-01,,WO,123,39533,0,NIOBRARA,,,,,,,,,,,,,,,,,,
64,2014-12-01,,WO,123,39533,0,NIOBRARA,,,,,,,,,,,,,,,,,,
65,2014-11-01,,DG,123,39533,0,NIOBRARA,,,,,,,,,,,,,,,,,,
