,First of Month,Days Produced,Well Status,API County,API Sequence,API Sidetrack,Formation,BOM Inventory,Oil Produced,Oil Sold,Oil Adjustment,EOM Inventory,Oil Gravity,Gas Produced,Gas Flared,Gas Used,Gas Shrinkage,Gas Sold,Gas BTU,Gas Tubing Pressure,Gas Casing Pressure,Water Volume,Water Tubing Pressure,Water Casing Pressure,Water Disp Code
0,2020-04-01,3,PR,123,30113,0,NIOBRARA-CODELL,29.0,19.0,31.0,,17,55.1,,,,,,,,,1.0,,,M
1,2020-03-01,0,SI,123,30113,0,NIOBRARA-CODELL,29.0,,,,29,,,,,,,,,,,,,
2,2020-02-01,0,SI,123,30113,0,NIOBRARA-CODELL,29.0,,,,29,,,,,,,,,,,,,
3,2020-01-01,0,SI,123,30113,0,NIOBRARA-CODELL,29.0,,,,29,,,,,,,,,,,,,
4,2019-12-01,0,SI,123,30113,0,NIOBRARA-CODELL,29.0,,,,29,,,,,,,1212.0,,,,,,
5,2019-11-01,18,PR,123,30113,0,NIOBRARA-CODELL,28.0,1.0,,,29,,,,,,,,,,,,,
6,2019-10-01,0,SI,123,30113,0,NIOBRARA-CODELL,28.0,,,,28,,,,,,,,,,,,,
7,2019-09-01,0,SI,123,30113,0,NIOBRARA-CODELL,28.0,,,,28,,,,,,,,,,,,,
8,2019-08-01,8,PR,123,30113,0,NIOBRARA-CODELL,48.0,1.0,21.0,,28,54.7,3.0,,,,3.0,1211.0,,,,,,
9,2019-07-01,31,PR,123,30113,0,NIOBRARA-CODELL,38.0,10.0,,,48,,13.0,,,,13.0,1208.0,,,2.0,,,M
10,2019-06-01,20,PR,123,30113,0,NIOBRARA-CODELL,16.0,22.0,,,38,,20.0,,,,20.0,1211.0,,,11.0,,,M
11,2019-05-01,8,PR,123,30113,0,NIOBRARA-CODELL,38.0,1.0,23.0,,16,56.6,12.0,,,,12.0,1212.0,,,,,,M
12,2019-04-01,30,PR,123,30113,0,NIOBRARA-CODELL,33.0,5.0,,,38,,40.0,,,,40.0,1210.0,,,1.0,,,M
13,2019-03-01,1,PR,123,30113,0,NIOBRARA-CODELL,32.0,1.0,,,33,,16.0,,,,16.0,1219.0,,,,,,M
14,2019-02-01,25,PR,123,30113,0,NIOBRARA-CODELL,26.0,6.0,,,32,,89.0,,,,89.0,1213.0,,,,,,M
15,2019-01-01,31,PR,123,30113,0,NIOBRARA-CODELL,24.0,2.0,,,26,,49.0,,,,49.0,1211.0,,,,,,
16,2018-12-01,30,PR,123,30113,0,NIOBRARA-CODELL,22.0,2.0,,,24,,28.0,,,,28.0,1211.0,,,,,,M
17,2018-11-01,24,PR,123,30113,0,NIOBRARA-CODELL,17.0,5.0,,,22,,113.0,,,,113.0,1212.0,,,,,,M
18,2018-10-01,31,PR,123,30113,0,NIOBRARA-CODELL,15.0,2.0,,,17,,28.0,,,,28.0,1212.0,,,6.0,,,I
19,2018-09-01,30,PR,123,30113,0,NIOBRARA-CODELL,16.0,5.0,6.0,,15,52.9,57.0,,,,57.0,1212.0,,,,,,
20,2018-08-01,31,PR,123,30113,0,NIOBRARA-CODELL,18.0,6.0,8.0,,16,53.0,56.0,,,,56.0,1212.0,,,23.0,,,I
21,2018-07-01,31,PR,123,30113,0,NIOBRARA-CODELL,21.0,4.0,7.0,,18,56.6,48.0,,,,48.0,1212.0,,,,,,
22,2018-06-01,30,PR,123,30113,0,NIOBRARA-CODELL,19.0,2.0,,,21,,28.0,,,,28.0,1212.0,,,4.0,,,I
23,2018-05-01,31,PR,123,30113,0,NIOBRARA-CODELL,18.0,1.0,,,19,,12.0,,,,12.0,1228.0,,,2.0,,,I
24,2018-04-01,30,PR,123,30113,0,NIOBRARA-CODELL,17.0,1.0,,,18,,15.0,,,,15.0,1228.0,,,,,,
25,2018-03-01,31,PR,123,30113,0,NIOBRARA-CODELL,16.0,1.0,,,17,,19.0,,,,19.0,1228.0,,,,,,
26,2018-02-01,28,PR,123,30113,0,NIOBRARA-CODELL,24.0,1.0,9.0,,16,55.2,18.0,,,,18.0,1228.0,,,,,,
27,2018-01-01,31,PR,123,30113,0,NIOBRARA-CODELL,22.0,2.0,,,24,,28.0,,,,28.0,1228.0,,,13.0,,,I
28,2017-12-01,31,PR,123,30113,0,NIOBRARA-CODELL,22.0,,,,22,,64.0,,,,64.0,1228.0,,,,,,
29,2017-11-01,30,PR,123,30113,0,NIOBRARA-CODELL,22.0,,,,22,,50.0,,,,50.0,1228.0,,,,,,
30,2017-10-01,31,PR,123,30113,0,NIOBRARA-CODELL,20.0,2.0,,,22,,29.0,,,,29.0,1228.0,,,5.0,,,I
31,2017-09-01,30,PR,123,30113,0,NIOBRARA-CODELL,19.0,1.0,,,20,,49.0,,,,49.0,1228.0,,,,,,
32,2017-08-01,31,PR,123,30113,0,NIOBRARA-CODELL,31.0,1.0,13.0,,19,56.0,50.0,,,,50.0,1228.0,,,6.0,,,I
33,2017-07-01,30,PR,123,30113,0,NIOBRARA-CODELL,36.0,13.0,18.0,,31,55.1,157.0,,,,157.0,1228.0,,,6.0,,,I
34,2017-06-01,22,PR,123,30113,0,NIOBRARA-CODELL,35.0,18.0,17.0,,36,55.5,184.0,,,,184.0,1228.0,,,,,,
35,2017-05-01,25,PR,123,30113,0,NIOBRARA-CODELL,44.0,27.0,36.0,,35,55.9,231.0,,,,231.0,1228.0,,,11.0,,,I
36,2017-04-01,30,PR,123,30113,0,NIOBRARA-CODELL,36.0,38.0,30.0,,44,57.0,305.0,,,,305.0,1228.0,,,8.0,,,I
37,2017-03-01,31,PR,123,30113,0,NIOBRARA-CODELL,33.0,37.0,34.0,,36,56.0,357.0,,,,357.0,1228.0,,,4.0,,,I
38,2017-02-01,24,PR,123,30113,0,NIOBRARA-CODELL,41.0,38.0,46.0,,33,55.3,424.0,,,,424.0,1228.0,,,9.0,,,I
39,2017-01-01,23,PR,123,30113,0,NIOBRARA-CODELL,40.0,35.0,34.0,,41,58.4,355.0,,,,355.0,1228.0,,,8.0,,,I
40,2016-12-01,30,PR,123,30113,0,NIOBRARA-CODELL,36.0,39.0,35.0,,40,56.6,376.0,,,,376.0,1228.0,,,4.0,,,I
41,2016-11-01,30,PR,123,30113,0,NIOBRARA-CODELL,63.0,46.0,73.0,,36,57.0,461.0,,,,461.0,1277.0,,,11.0,,,I
42,2016-10-01,31,PR,123,30113,0,NIOBRARA-CODELL,56.0,57.0,50.0,,63,55.9,418.0,,,,418.0,1277.0,,,24.0,,,I
43,2016-09-01,30,PR,123,30113,0,NIOBRARA-CODELL,67.0,54.0,65.0,,56,57.1,410.0,,,,410.0,1277.0,,,11.0,,,I
44,2016-08-01,18,PR,123,30113,0,NIOBRARA-CODELL,49.0,39.0,21.0,,67,54.5,354.0,,,,354.0,1277.0,,,4.0,,,I
45,2016-07-01,31,PR,123,30113,0,NIOBRARA-CODELL,38.0,30.0,19.0,,49,55.0,335.0,,,,335.0,1277.0,,,7.0,,,I
46,2016-06-01,28,PR,123,30113,0,NIOBRARA-CODELL,38.0,18.0,18.0,,38,54.1,315.0,,,,315.0,1277.0,,,5.0,,,I
47,2016-05-01,31,PR,123,30113,0,NIOBRARA-CODELL,53.0,27.0,42.0,,38,55.0,402.0,,,,402.0,1277.0,,,6.0,,,I
48,2016-04-01,30,PR,123,30113,0,NIOBRARA-CODELL,47.0,71.0,65.0,,53,55.4,390.0,,,,390.0,1277.0,,,11.0,,,I
49,2016-03-01,31,PR,123,30113,0,NIOBRARA-CODELL,65.0,51.0,69.0,,47,56.1,410.0,,,,410.0,1277.0,,,7.0,,,I
50,2016-02-01,29,PR,123,30113,0,NIOBRARA-CODELL,50.0,63.0,48.0,,65,55.0,402.0,,,,402.0,1277.0,,,14.0,,,I
51,2016-01-01,31,PR,123,30113,0,NIOBRARA-CODELL,58.0,53.0,61.0,,50,55.8,376.0,,,,376.0,1277.0,,,12.0,,,I
52,2015-12-01,27,PR,123,30113,0,NIOBRARA-CODELL,41.0,51.0,34.0,,58,55.2,380.0,,,,380.0,1277.0,,,10.0,,,I
53,2015-11-01,30,PR,123,30113,0,NIOBRARA-CODELL,30.0,45.0,34.0,,41,55.7,341.0,,,,341.0,1275.0,,,7.0,,,I
54,2015-10-01,31,PR,123,30113,0,NIOBRARA-CODELL,48.0,37.0,55.0,,30,54.8,440.0,,,,440.0,1275.0,,,8.0,,,I
55,2015-09-01,30,PR,123,30113,0,NIOBRARA-CODELL,39.0,50.0,41.0,,48,53.7,377.0,,,,377.0,1261.0,,,29.0,,,I
56,2015-08-01,31,PR,123,30113,0,NIOBRARA-CODELL,56.0,49.0,66.0,,39,54.3,309.0,,,,309.0,1261.0,,,6.0,,,I
57,2015-07-01,31,PR,123,30113,0,NIOBRARA-CODELL,44.0,76.0,64.0,,56,54.0,563.0,,,,563.0,1261.0,,,24.0,,,I
58,2015-06-01,1,PR,123,30113,0,NIOBRARA-CODELL,74.0,2.0,32.0,,44,55.3,42.0,,,,42.0,1257.0,,,1.0,,,I
59,2015-05-01,11,PR,123,30113,0,NIOBRARA-CODELL,65.0,9.0,,,74,,155.0,,,,155.0,1305.0,,,,,,
60,2015-04-01,18,PR,123,30113,0,NIOBRARA-CODELL,104.0,7.0,46.0,,65,52.0,86.0,,,,86.0,1305.0,,,,,,
61,2015-03-01,31,PR,123,30113,0,NIOBRARA-CODELL,75.0,29.0,,,104,,249.0,,,,249.0,1305.0,,,,,,
62,2015-02-01,28,PR,123,30113,0,NIOBRARA-CODELL,132.0,38.0,95.0,,75,55.4,320.0,,,,320.0,1305.0,,,10.0,,,I
63,2015-01-01,25,PR,123,30113,0,NIOBRARA-CODELL,96.0,36.0,,,132,,305.0,,,,305.0,1305.0,,,,,,
64,2014-12-01,30,PR,123,30113,0,NIOBRARA-CODELL,58.0,38.0,,,96,,332.0,,,,332.0,1305.0,,,8.0,,,I
65,2014-11-01,30,PR,123,30113,0,NIOBRARA-CODELL,113.0,43.0,98.0,,58,55.6,319.0,,,,319.0,1305.0,,,15.0,,,I
66,2014-10-01,31,PR,123,30113,0,NIOBRARA-CODELL,60.0,53.0,,,113,,444.0,,,,444.0,1305.0,,,19.0,,,I
67,2014-09-01,30,PR,123,30113,0,NIOBRARA-CODELL,120.0,47.0,107.0,,60,51.8,441.0,,,,441.0,1305.0,,,,,,
68,2014-08-01,31,PR,123,30113,0,NIOBRARA-CODELL,60.0,60.0,,,120,,583.0,,,,583.0,1305.0,,,23.0,,,I
69,2014-07-01,31,PR,123,30113,0,NIOBRARA-CODELL,115.0,55.0,110.0,,60,57.6,611.0,,,,611.0,1305.0,,,,,,
70,2014-06-01,25,PR,123,30113,0,NIOBRARA-CODELL,44.0,71.0,,,115,,1107.0,,,,1107.0,1305.0,,,24.0,,,I
71,2014-05-01,7,PR,123,30113,0,NIOBRARA-CODELL,75.0,16.0,47.0,,44,54.8,136.0,,,,136.0,1305.0,,,,,,
72,2014-04-01,30,PR,123,30113,0,NIOBRARA-CODELL,101.0,67.0,93.0,,75,55.5,596.0,,,,596.0,1305.0,,,19.0,,,I
73,2014-03-01,31,PR,123,30113,0,NIOBRARA-CODELL,30.0,71.0,,,101,,610.0,,,,610.0,1305.0,,,22.0,,,I
74,2014-02-01,28,PR,123,30113,0,NIOBRARA-CODELL,75.0,71.0,116.0,,30,55.2,599.0,,,,599.0,1305.0,,,,,,
75,2014-01-01,31,PR,123,30113,0,NIOBRARA-CODELL,107.0,80.0,112.0,,75,55.6,681.0,,,,681.0,1305.0,,,24.0,,,I
76,2013-12-01,31,PR,123,30113,0,NIOBRARA-CODELL,31.0,76.0,,,107,,675.0,,,,675.0,1305.0,,,15.0,,,I
77,2013-11-01,30,PR,123,30113,0,NIOBRARA-CODELL,63.0,82.0,114.0,,31,53.6,732.0,,,,732.0,1280.0,,,20.0,,,I
78,2013-10-01,31,PR,123,30113,0,NIOBRARA-CODELL,83.0,87.0,107.0,,63,54.9,753.0,,,,753.0,1280.0,,,22.0,,,I
79,2013-09-01,30,PR,123,30113,0,NIOBRARA-CODELL,105.0,73.0,95.0,,83,52.9,713.0,,,,713.0,1280.0,,,28.0,,,I
80,2013-08-01,31,PR,123,30113,0,NIOBRARA-CODELL,31.0,74.0,,,105,,668.0,,,,668.0,1280.0,,,20.0,,,I
81,2013-07-01,31,PR,123,30113,0,NIOBRARA-CODELL,63.0,72.0,104.0,,31,53.5,684.0,,,,684.0,1280.0,,,28.0,,,I
82,2013-06-01,30,PR,123,30113,0,NIOBRARA-CODELL,114.0,67.0,118.0,,63,53.6,702.0,,,,702.0,1280.0,,,,,,
83,2013-05-01,31,PR,123,30113,0,NIOBRARA-CODELL,34.0,80.0,,,114,,702.0,,,,702.0,1280.0,,,25.0,,,I
84,2013-04-01,30,PR,123,30113,0,NIOBRARA-CODELL,50.0,86.0,102.0,,34,56.2,667.0,,,,667.0,1280.0,,,16.0,,,I
85,2013-03-01,31,PR,123,30113,0,NIOBRARA-CODELL,64.0,69.0,83.0,,50,55.0,560.0,,,,560.0,1280.0,,,18.0,,,I
86,2013-02-01,28,PR,123,30113,0,NIOBRARA-CODELL,85.0,60.0,81.0,,64,56.4,445.0,,,,445.0,1280.0,,,24.0,,,I
87,2013-01-01,29,PR,123,30113,0,NIOBRARA-CODELL,102.0,62.0,79.0,,85,58.3,489.0,,,,489.0,1280.0,,,14.0,,,I
88,2012-12-01,28,PR,123,30113,0,NIOBRARA-CODELL,39.0,63.0,,,102,,477.0,,,,477.0,1280.0,,,14.0,,,I
89,2012-11-01,26,PR,123,30113,0,NIOBRARA-CODELL,67.0,61.0,89.0,,39,55.9,499.0,,,,499.0,1280.0,,,13.0,,,I
90,2012-10-01,31,PR,123,30113,0,NIOBRARA-CODELL,75.0,72.0,80.0,,67,55.3,581.0,,,,581.0,1280.0,,,26.0,,,I
91,2012-09-01,30,PR,123,30113,0,NIOBRARA-CODELL,77.0,68.0,70.0,,75,53.1,579.0,,,,579.0,1280.0,,,13.0,,,I
92,2012-08-01,31,PR,123,30113,0,NIOBRARA-CODELL,91.0,61.0,75.0,,77,53.8,608.0,,,,608.0,1280.0,,,21.0,,,I
93,2012-07-01,31,PR,123,30113,0,NIOBRARA-CODELL,29.0,62.0,,,91,,602.0,,,,602.0,1277.0,,,17.0,,,I
94,2012-06-01,30,PR,123,30113,0,NIOBRARA-CODELL,43.0,70.0,84.0,,29,54.9,674.0,,,,674.0,1277.0,,,17.0,,,I
95,2012-05-01,31,PR,123,30113,0,NIOBRARA-CODELL,51.0,77.0,85.0,,43,55.7,636.0,,,,636.0,1277.0,,,17.0,,,I
96,2012-04-01,30,PR,123,30113,0,NIOBRARA-CODELL,72.0,64.0,85.0,,51,55.0,562.0,,,,562.0,1277.0,,,14.0,,,I
97,2012-03-01,31,PR,123,30113,0,NIOBRARA-CODELL,76.0,78.0,82.0,,72,55.4,657.0,,,,657.0,1277.0,,,32.0,,,I
98,2012-02-01,29,PR,123,30113,0,NIOBRARA-CODELL,78.0,81.0,83.0,,76,55.7,607.0,,,,607.0,1277.0,,,17.0,,,I
99,2012-01-01,31,PR,123,30113,0,NIOBRARA-CODELL,79.0,86.0,87.0,,78,55.5,667.0,,,,667.0,1277.0,,,33.0,,,I
100,2011-12-01,31,PR,123,30113,0,NIOBRARA-CODELL,83.0,74.0,77.0,-1.0,79,58.1,695.0,,,,695.0,1277.0,,,31.0,,,I
101,2011-11-01,23,PR,123,30113,0,NIOBRARA-CODELL,90.0,84.0,91.0,,83,55.7,630.0,,,,630.0,1277.0,,,13.0,,,I
102,2011-10-01,31,PR,123,30113,0,NIOBRARA-CODELL,68.0,101.0,79.0,,90,57.5,837.0,,,,837.0,1277.0,,,17.0,,,I
103,2011-09-01,29,PR,123,30113,0,NIOBRARA-CODELL,57.0,101.0,90.0,,68,54.0,831.0,,,,831.0,1277.0,,,31.0,,,I
104,2011-08-01,31,PR,123,30113,0,NIOBRARA-CODELL,28.0,107.0,77.0,-1.0,57,53.3,904.0,,,,904.0,1277.0,,,31.0,,,I
105,2011-07-01,31,PR,123,30113,0,NIOBRARA-CODELL,80.0,112.0,164.0,,28,59.1,937.0,,,,937.0,1275.0,,,14.0,,,I
106,2011-06-01,30,PR,123,30113,0,NIOBRARA-CODELL,51.0,115.0,85.0,-1.0,80,56.2,912.0,,,,912.0,1275.0,,,34.0,,,I
107,2011-05-01,31,PR,123,30113,0,NIOBRARA-CODELL,19.0,117.0,85.0,,51,56.7,949.0,,,,949.0,1275.0,,,31.0,,,I
108,2011-04-01,30,PR,123,30113,0,NIOBRARA-CODELL,82.0,108.0,171.0,,19,54.8,978.0,,,,978.0,1275.0,,,24.0,,,I
109,2011-03-01,31,PR,123,30113,0,NIOBRARA-CODELL,29.0,139.0,86.0,,82,63.8,1116.0,,,,1116.0,1275.0,,,34.0,,,I
110,2011-02-01,28,PR,123,30113,0,NIOBRARA-CODELL,98.0,108.0,177.0,,29,58.0,1006.0,,,,1006.0,1275.0,,,24.0,,,I
111,2011-01-01,31,PR,123,30113,0,NIOBRARA-CODELL,32.0,146.0,79.0,-1.0,98,59.0,1241.0,,,,1241.0,1275.0,,,38.0,,,I
112,2010-12-01,31,PR,123,30113,0,NIOBRARA-CODELL,29.0,165.0,162.0,,32,59.6,1394.0,,,,1394.0,1275.0,,,37.0,,,I
113,2010-11-01,30,PR,123,30113,0,NIOBRARA-CODELL,104.0,179.0,254.0,,29,57.3,1585.0,,,,1585.0,1275.0,,,49.0,,,I
114,2010-10-01,28,PR,123,30113,0,NIOBRARA-CODELL,63.0,204.0,163.0,,104,55.5,1664.0,,,,1664.0,1275.0,,,54.0,,,I
115,2010-09-01,30,PR,123,30113,0,NIOBRARA-CODELL,41.0,174.0,152.0,,63,55.0,1469.0,,,,1469.0,1276.0,,,40.0,,,I
116,2010-08-01,30,PR,123,30113,0,NIOBRARA-CODELL,98.0,217.0,270.0,-4.0,41,55.0,1662.0,,,,1662.0,1261.0,,,39.0,,,I
117,2010-07-01,30,PR,123,30113,0,NIOBRARA-CODELL,104.0,225.0,231.0,,98,53.0,1806.0,,,,1806.0,1260.0,,,40.0,,,I
118,2010-06-01,30,PR,123,30113,0,NIOBRARA-CODELL,49.0,306.0,251.0,,104,53.0,2369.0,,,,2369.0,1260.0,,,122.0,,,I
119,2010-05-01,16,PR,123,30113,0,NIOBRARA-CODELL,39.0,234.0,224.0,,49,53.0,1260.0,,,,1260.0,1261.0,,,27.0,,,I
120,2010-04-01,30,PR,123,30113,0,NIOBRARA-CODELL,56.0,187.0,204.0,,39,56.0,690.0,,,,690.0,1261.0,,,,,,
121,2010-03-01,31,PR,123,30113,0,NIOBRARA-CODELL,16.0,312.0,272.0,,56,56.0,1323.0,,,,1323.0,1260.0,,,5.0,,,I
122,2010-02-01,28,PR,123,30113,0,NIOBRARA-CODELL,77.0,262.0,322.0,,16,56.0,1245.0,,,,1245.0,1261.0,,,22.0,,,I
123,2010-01-01,31,PR,123,30113,0,NIOBRARA-CODELL,22.0,255.0,200.0,,77,56.0,1010.0,,,,1010.0,1260.0,,,2.0,,,I
124,2009-12-01,31,PR,123,30113,0,NIOBRARA-CODELL,75.0,379.0,432.0,,22,59.0,1924.0,,,,1924.0,1260.0,,,,,,
125,2009-11-01,30,PR,123,30113,0,NIOBRARA-CODELL,26.0,716.0,666.0,,75,55.0,3232.0,,,,3232.0,1260.0,,,,,,
126,2009-10-01,26,PR,123,30113,0,NIOBRARA-CODELL,,428.0,402.0,,26,53.0,1864.0,,,,1864.0,1260.0,,,,,,
