,First of Month,Days Produced,Well Status,API County,API Sequence,API Sidetrack,Formation,BOM Inventory,Oil Produced,Oil Sold,Oil Adjustment,EOM Inventory,Oil Gravity,Gas Produced,Gas Flared,Gas Used,Gas Shrinkage,Gas Sold,Gas BTU,Gas Tubing Pressure,Gas Casing Pressure,Water Volume,Water Tubing Pressure,Water Casing Pressure,Water Disp Code
0,2020-04-01,30.0,PR,123,35526,0,NIOBRARA,40.0,585.0,576.0,,49.0,62.2,4893.0,,326.0,,4567.0,1355.0,,,95.0,,,C
1,2020-03-01,31.0,PR,123,35526,0,NIOBRARA,31.0,576.0,567.0,,40.0,62.4,3808.0,,244.0,,3564.0,1340.0,,,92.0,,,C
2,2020-02-01,29.0,PR,123,35526,0,NIOBRARA,30.0,565.0,564.0,,31.0,61.1,2800.0,,182.0,,2618.0,1359.0,,,61.0,,,C
3,2020-01-01,31.0,PR,123,35526,0,NIOBRARA,34.0,617.0,621.0,,30.0,57.7,3391.0,,245.0,,3146.0,1365.0,,,78.0,,,C
4,2019-12-01,31.0,PR,123,35526,0,NIOBRARA,31.0,676.0,673.0,,34.0,58.5,3456.0,,,,3456.0,1386.0,,,140.0,,,C
5,2019-11-01,30.0,PR,123,35526,0,NIOBRARA,27.0,701.0,697.0,,31.0,56.8,3879.0,,,,3879.0,1346.0,,,181.0,,,C
6,2019-10-01,31.0,PR,123,35526,0,NIOBRARA,24.0,590.0,587.0,,27.0,60.0,2733.0,,,,2733.0,1385.0,,,48.0,,,C
7,2019-09-01,30.0,PR,123,35526,0,NIOBRARA,24.0,580.0,580.0,,24.0,59.6,3534.0,,,,3534.0,1365.0,,,34.0,,,C
8,2019-08-01,31.0,PR,123,35526,0,NIOBRARA,21.0,610.0,607.0,,24.0,57.5,3427.0,,,,3427.0,1372.0,,,62.0,,,C
9,2019-07-01,31.0,PR,123,35526,0,NIOBRARA,20.0,564.0,563.0,,21.0,57.6,3780.0,,,,3780.0,1352.0,,,40.0,,,C
10,2019-06-01,30.0,PR,123,35526,0,NIOBRARA,50.0,567.0,597.0,,20.0,55.3,3534.0,,,,3534.0,1341.0,,,85.0,,,C
11,2019-05-01,31.0,PR,123,35526,0,NIOBRARA,80.0,365.0,395.0,,50.0,55.9,2225.0,,,,2225.0,1343.0,,,33.0,,,C
12,2019-04-01,30.0,PR,123,35526,0,NIOBRARA,76.0,410.0,406.0,,80.0,54.7,3474.0,,,,3474.0,1331.0,,,30.0,,,C
13,2019-03-01,31.0,PR,123,35526,0,NIOBRARA,93.0,320.0,337.0,,76.0,56.8,4603.0,,,,4603.0,1305.0,,,5.0,,,C
14,2019-02-01,28.0,PR,123,35526,0,NIOBRARA,87.0,449.0,443.0,,93.0,58.1,3808.0,,,,3808.0,1329.0,,,56.0,,,C
15,2019-01-01,31.0,PR,123,35526,0,NIOBRARA,77.0,501.0,491.0,,87.0,56.6,4211.0,,,,4211.0,1321.0,,,61.0,,,C
16,2018-12-01,31.0,PR,123,35526,0,NIOBRARA,81.0,395.0,399.0,,77.0,55.0,3147.0,,,,3147.0,1344.0,,,47.0,,,C
17,2018-11-01,26.0,PR,123,35526,0,NIOBRARA,92.0,403.0,414.0,,81.0,54.3,3154.0,,,,3154.0,1341.0,,,48.0,,,C
18,2018-10-01,31.0,PR,123,35526,0,NIOBRARA,95.0,489.0,492.0,,92.0,51.8,3844.0,,,,3844.0,1323.0,,,89.0,,,C
19,2018-09-01,30.0,PR,123,35526,0,NIOBRARA,80.0,461.0,446.0,,95.0,63.0,5362.0,,,,5362.0,1310.0,,,73.0,,,C
20,2018-08-01,31.0,PR,123,35526,0,NIOBRARA,68.0,335.0,323.0,,80.0,40.0,3628.0,,,,3628.0,1351.0,,,32.0,,,C
21,2018-07-01,31.0,PR,123,35526,0,NIOBRARA,131.0,283.0,346.0,,68.0,40.0,2824.0,,,,2824.0,1343.0,,,28.0,,,C
22,2018-06-01,30.0,PR,123,35526,0,NIOBRARA,89.0,402.0,360.0,,131.0,40.0,5438.0,,,,5438.0,1339.0,,,71.0,,,C
23,2018-05-01,31.0,PR,123,35526,0,NIOBRARA,100.0,339.0,350.0,,89.0,40.0,5001.0,,,,5001.0,1333.0,,,37.0,,,C
24,2018-04-01,30.0,PR,123,35526,0,NIOBRARA,91.0,432.0,423.0,,100.0,40.0,3933.0,,,,3933.0,1358.0,,,60.0,,,C
25,2018-03-01,28.0,PR,123,35526,0,NIOBRARA,94.0,384.0,387.0,,91.0,40.0,3509.0,,,,3509.0,1333.0,,,53.0,,,C
26,2018-02-01,28.0,PR,123,35526,0,NIOBRARA,87.0,417.0,410.0,,94.0,40.0,3655.0,,,,3655.0,1347.0,,,44.0,,,C
27,2018-01-01,31.0,PR,123,35526,0,NIOBRARA,81.0,486.0,480.0,,87.0,40.0,3977.0,,,,3977.0,1332.0,,,72.0,,,C
28,2017-12-01,31.0,PR,123,35526,0,NIOBRARA,85.0,535.0,539.0,,81.0,40.0,4024.0,,,,4024.0,1339.0,,,86.0,,,C
29,2017-11-01,30.0,PR,123,35526,0,NIOBRARA,93.0,507.0,515.0,,85.0,40.0,3947.0,,,,3947.0,1324.0,,,92.0,,,C
30,2017-10-01,31.0,PR,123,35526,0,NIOBRARA,69.0,613.0,589.0,,93.0,40.0,4756.0,,,,4756.0,1335.0,,,115.0,,,I
31,2017-09-01,30.0,PR,123,35526,0,NIOBRARA,74.0,430.0,435.0,,69.0,40.0,4458.0,,,,4458.0,1341.0,,,73.0,,,I
32,2017-08-01,31.0,PR,123,35526,0,NIOBRARA,72.0,482.0,480.0,,74.0,40.0,4677.0,,,,4677.0,1338.0,,,89.0,,,I
33,2017-07-01,31.0,PR,123,35526,0,NIOBRARA,74.0,494.0,496.0,,72.0,40.0,4894.0,,,,4894.0,1346.0,,,35.0,,,I
34,2017-06-01,30.0,PR,123,35526,0,NIOBRARA,80.0,481.0,487.0,,74.0,40.0,4866.0,,,,4866.0,1344.0,,,44.0,,,I
35,2017-05-01,31.0,PR,123,35526,0,NIOBRARA,95.0,626.0,641.0,,80.0,40.0,4633.0,,,,4633.0,1348.0,,,128.0,,,I
36,2017-04-01,30.0,PR,123,35526,0,NIOBRARA,90.0,804.0,799.0,,95.0,40.0,7032.0,,,,7032.0,1342.0,,,132.0,,,I
37,2017-03-01,31.0,PR,123,35526,0,NIOBRARA,97.0,884.0,891.0,,90.0,40.0,5766.0,,,,5766.0,1390.0,,,116.0,,,I
38,2017-02-01,28.0,PR,123,35526,0,NIOBRARA,81.0,941.0,925.0,,97.0,40.0,6866.0,,,,6866.0,1353.0,,,81.0,,,I
39,2017-01-01,31.0,PR,123,35526,0,NIOBRARA,94.0,1025.0,1026.0,-12.0,81.0,40.0,8058.0,,,,8058.0,1398.0,,,115.0,,,I
40,2016-12-01,31.0,PR,123,35526,0,NIOBRARA,191.0,1266.0,1301.0,-62.0,94.0,40.0,9371.0,,,,9371.0,1401.0,,,168.0,,,I
41,2016-11-01,30.0,PR,123,35526,0,NIOBRARA,301.0,1293.0,1330.0,-73.0,191.0,40.0,8546.0,,,,8546.0,1348.0,,,224.0,,,I
42,2016-10-01,31.0,PR,123,35526,0,NIOBRARA,117.0,1628.0,1188.0,-256.0,301.0,40.0,8579.0,,,,8579.0,1371.0,,,198.0,,,I
43,2016-09-01,30.0,PR,123,35526,0,NIOBRARA,58.0,1724.0,1664.0,-1.0,117.0,40.0,7863.0,,,,7863.0,1351.0,,,287.0,,,I
44,2016-08-01,26.0,PR,123,35526,0,NIOBRARA,47.0,1011.0,1000.0,,58.0,40.0,4512.0,,,,4512.0,1369.0,,,35.0,,,I
45,2016-07-01,31.0,PR,123,35526,0,NIOBRARA,56.0,952.0,953.0,-8.0,47.0,40.0,5078.0,,,,5078.0,1373.0,,,,,,
46,2016-06-01,30.0,PR,123,35526,0,NIOBRARA,159.0,760.0,785.0,-78.0,56.0,40.0,5857.0,,,,5857.0,1367.0,,,1.0,,,I
47,2016-05-01,31.0,PR,123,35526,0,NIOBRARA,262.0,1157.0,1217.0,-43.0,159.0,40.9,5689.0,,,,5689.0,1363.0,,,2.0,,,I
48,2016-04-01,30.0,PR,123,35526,0,NIOBRARA,91.0,1088.0,905.0,-12.0,262.0,44.5,5307.0,,,,5307.0,1355.0,,,39.0,,,I
49,2016-03-01,30.0,PR,123,35526,0,NIOBRARA,116.0,938.0,941.0,-22.0,91.0,40.0,5611.0,,,,5611.0,1370.0,,,73.0,,,I
50,2016-02-01,29.0,PR,123,35526,0,NIOBRARA,41.0,1075.0,990.0,-10.0,116.0,40.5,6177.0,,,,6177.0,1355.0,,,33.0,,,I
51,2016-01-01,31.0,PR,123,35526,0,NIOBRARA,46.0,979.0,942.0,-42.0,41.0,40.0,6555.0,,,,6555.0,1361.0,,,76.0,,,I
52,2015-12-01,31.0,PR,123,35526,0,NIOBRARA,8.0,994.0,956.0,,46.0,42.1,6056.0,,,,6056.0,1357.0,,,122.0,,,I
53,2015-11-01,30.0,PR,123,35526,0,NIOBRARA,28.0,857.0,861.0,-16.0,8.0,40.0,6615.0,,,,6615.0,1338.0,,,105.0,,,I
54,2015-10-01,31.0,PR,123,35526,0,NIOBRARA,89.0,1177.0,1238.0,,28.0,40.0,7949.0,,,,7949.0,1331.0,,,181.0,,,I
55,2015-09-01,30.0,PR,123,35526,0,NIOBRARA,167.0,1313.0,1322.0,-69.0,89.0,40.0,7987.0,,,,7987.0,1356.0,,,140.0,,,I
56,2015-08-01,31.0,PR,123,35526,0,NIOBRARA,98.0,877.0,804.0,-4.0,167.0,40.0,6190.0,,,,6190.0,1347.0,,,202.0,,,I
57,2015-07-01,31.0,PR,123,35526,0,NIOBRARA,85.0,816.0,803.0,,98.0,40.0,6746.0,,,,6746.0,1333.0,,,54.0,,,I
58,2015-06-01,30.0,PR,123,35526,0,NIOBRARA,153.0,864.0,928.0,-4.0,85.0,40.0,8523.0,,,,8523.0,1324.0,,,75.0,,,I
59,2015-05-01,31.0,PR,123,35526,0,NIOBRARA,159.0,1640.0,1646.0,,153.0,40.0,11055.0,,,,11055.0,1338.0,,,232.0,,,I
60,2015-04-01,30.0,PR,123,35526,0,NIOBRARA,118.0,1657.0,1616.0,,159.0,40.0,10108.0,,,,10108.0,1334.0,,,116.0,,,I
61,2015-03-01,29.0,PR,123,35526,0,NIOBRARA,119.0,1982.0,1950.0,-33.0,118.0,41.0,7837.0,,,,7837.0,1352.0,,,253.0,,,I
62,2015-02-01,28.0,PR,123,35526,0,NIOBRARA,63.0,1580.0,1514.0,-10.0,119.0,40.7,8744.0,,,,8744.0,1346.0,,,187.0,,,I
63,2015-01-01,31.0,PR,123,35526,0,NIOBRARA,37.0,1127.0,1084.0,-17.0,63.0,40.0,8611.0,,,,8611.0,1344.0,,,163.0,,,I
64,2014-12-01,31.0,PR,123,35526,0,NIOBRARA,164.0,1850.0,1972.0,-5.0,37.0,43.0,9453.0,,,,9453.0,1352.0,,,98.0,,,I
65,2014-11-01,30.0,PR,123,35526,0,NIOBRARA,184.0,2164.0,2184.0,,164.0,43.7,9377.0,,,,9377.0,1342.0,,,58.0,,,I
66,2014-10-01,31.0,PR,123,35526,0,NIOBRARA,58.0,1769.0,1643.0,,184.0,41.4,16357.0,,,,16357.0,1348.0,,,59.0,,,I
67,2014-09-01,30.0,PR,123,35526,0,NIOBRARA,89.0,1648.0,1679.0,,58.0,46.5,12825.0,,,,12825.0,1337.0,,,104.0,,,I
68,2014-08-01,31.0,PR,123,35526,0,NIOBRARA,82.0,1775.0,1768.0,,89.0,43.0,11054.0,,,,11054.0,1324.0,,,173.0,,,I
69,2014-07-01,31.0,PR,123,35526,0,NIOBRARA,94.0,1916.0,1928.0,,82.0,47.9,11369.0,,,,11369.0,1321.0,,,88.0,,,I
70,2014-06-01,30.0,PR,123,35526,0,NIOBRARA,125.0,1829.0,1860.0,,94.0,47.5,10738.0,,,,10738.0,1321.0,,,79.0,,,I
71,2014-05-01,31.0,PR,123,35526,0,NIOBRARA,85.0,2236.0,2196.0,,125.0,58.2,12391.0,,,,12391.0,1316.0,,,288.0,,,I
72,2014-04-01,30.0,PR,123,35526,0,NIOBRARA,134.0,2273.0,2322.0,,85.0,57.2,13201.0,,,,13201.0,1327.0,,,39.0,,,I
73,2014-03-01,31.0,PR,123,35526,0,NIOBRARA,237.0,3669.0,3772.0,,134.0,58.9,13497.0,,,,13497.0,1325.0,,,424.0,,,I
74,2014-02-01,28.0,PR,123,35526,0,NIOBRARA,104.0,5566.0,5433.0,,237.0,59.8,16429.0,,,,16429.0,1276.0,,,724.0,,,I
75,2014-01-01,31.0,PR,123,35526,0,NIOBRARA,109.0,2818.0,2823.0,,104.0,59.1,12258.0,,,,12258.0,1277.0,,,470.0,,,I
76,2013-12-01,31.0,PR,123,35526,0,NIOBRARA,105.0,2513.0,2509.0,,109.0,59.2,12696.0,,,,12696.0,1277.0,,,536.0,,,I
77,2013-11-01,30.0,PR,123,35526,0,NIOBRARA,28.0,3104.0,3027.0,,105.0,58.0,14858.0,,,,14858.0,1312.0,,,878.0,,,I
78,2013-10-01,19.0,PR,123,35526,0,NIOBRARA,55.0,2288.0,2315.0,,28.0,43.3,9003.0,,,,9003.0,1307.0,,,351.0,,,I
79,2013-09-01,30.0,PR,123,35526,0,NIOBRARA,71.0,3845.0,3861.0,,55.0,45.0,14199.0,,,,14199.0,1281.0,,,633.0,,,I
80,2013-08-01,31.0,PR,123,35526,0,NIOBRARA,63.0,4608.0,4600.0,,71.0,44.7,14838.0,,,,14838.0,1284.0,,,582.0,,,I
81,2013-07-01,31.0,PR,123,35526,0,NIOBRARA,32.0,4805.0,4774.0,,63.0,44.7,15974.0,,,,15974.0,1278.0,,,535.0,,,I
82,2013-06-01,27.0,PR,123,35526,0,NIOBRARA,47.0,3665.0,3680.0,,32.0,44.3,11481.0,,,,11481.0,1287.0,,,370.0,,,I
83,2013-05-01,31.0,PR,123,35526,0,NIOBRARA,133.0,5319.0,5405.0,,47.0,44.6,18314.0,,,,18314.0,1287.0,,,667.0,,,I
84,2013-04-01,30.0,PR,123,35526,0,NIOBRARA,187.0,6159.0,6213.0,,133.0,45.3,19915.0,,,,19915.0,1274.0,,,202.0,,,I
85,2013-03-01,31.0,PR,123,35526,0,NIOBRARA,332.0,6734.0,6879.0,,187.0,45.5,18206.0,,,,18206.0,1271.0,,,834.0,,,I
86,2013-02-01,25.0,PR,123,35526,0,NIOBRARA,260.0,6642.0,6570.0,,332.0,45.6,16541.0,,,,16541.0,1286.0,,,841.0,,,I
87,2013-01-01,,SI,123,35526,0,NIOBRARA,281.0,,,,281.0,,,,,,,,,,,,,
88,2012-12-01,31.0,PR,123,35526,0,NIOBRARA,269.0,10803.0,10791.0,,281.0,44.8,20880.0,,,,20880.0,1297.0,,,1548.0,,,I
89,2012-11-01,30.0,PR,123,35526,0,NIOBRARA,181.0,12673.0,12585.0,,269.0,44.3,18387.0,,,,18387.0,1295.0,,,2574.0,,,I
90,2012-10-01,31.0,PR,123,35526,0,NIOBRARA,,12662.0,12481.0,,181.0,43.5,13231.0,2080.0,,,11151.0,1280.0,,,3951.0,,,I
91,2012-09-01,,SI,123,35526,0,NIOBRARA,,,,,,,,,,,,,,,,,,
