,First of Month,Days Produced,Well Status,API County,API Sequence,API Sidetrack,Formation,BOM Inventory,Oil Produced,Oil Sold,Oil Adjustment,EOM Inventory,Oil Gravity,Gas Produced,Gas Flared,Gas Used,Gas Shrinkage,Gas Sold,Gas BTU,Gas Tubing Pressure,Gas Casing Pressure,Water Volume,Water Tubing Pressure,Water Casing Pressure,Water Disp Code
0,2020-04-01,0.0,PA,123,32229,0,CODELL,36.0,,,-20.0,16.0,,,,,,,,,,,,,
1,2020-03-01,0.0,PA,123,32229,0,CODELL,36.0,,,,36.0,,,,,,,,,,,,,
2,2020-02-01,0.0,PA,123,32229,0,CODELL,36.0,,,,36.0,,,,,,,,,,,,,
3,2020-01-01,0.0,PA,123,32229,0,CODELL,36.0,,,,36.0,,,,,,,,,,,,,
4,2019-12-01,0.0,PA,123,32229,0,CODELL,36.0,,,,36.0,,,,,,,,,,,,,
5,2019-11-01,0.0,PA,123,32229,0,CODELL,36.0,,,,36.0,,,,,,,,,,,,,
6,2019-10-01,0.0,PA,123,32229,0,CODELL,36.0,,,,36.0,,,,,,,,,,,,,
7,2019-09-01,0.0,PA,123,32229,0,CODELL,36.0,,,,36.0,,,,,,,,,,,,,
8,2019-08-01,0.0,PA,123,32229,0,CODELL,36.0,,,,36.0,,,,,,,,,,,,,
9,2019-07-01,0.0,PA,123,32229,0,CODELL,36.0,,,,36.0,,,,,,,,,,,,,
10,2019-06-01,0.0,PA,123,32229,0,CODELL,36.0,,,,36.0,,,,,,,,,,,,,
11,2019-05-01,0.0,SI,123,32229,0,CODELL,36.0,,,,36.0,,,,,,,,,,,,,
12,2019-04-01,0.0,SI,123,32229,0,CODELL,36.0,,,,36.0,,,,,,,,,,,,,
13,2019-03-01,0.0,SI,123,32229,0,CODELL,36.0,,,,36.0,,,,,,,,,,,,,
14,2019-02-01,0.0,SI,123,32229,0,CODELL,36.0,,,,36.0,,,,,,,,,,,,,
15,2019-01-01,0.0,SI,123,32229,0,CODELL,36.0,,,,36.0,,,,,,,,,,,,,
16,2018-12-01,0.0,SI,123,32229,0,CODELL,36.0,,,,36.0,,,,,,,,,,,,,
17,2018-11-01,0.0,SI,123,32229,0,CODELL,36.0,,,,36.0,,,,,,,,,,,,,
18,2018-10-01,0.0,SI,123,32229,0,CODELL,36.0,,,,36.0,,,,,,,,,,,,,
19,2018-09-01,0.0,SI,123,32229,0,CODELL,36.0,,,,36.0,,,,,,,,,,,,,
20,2018-08-01,0.0,SI,123,32229,0,CODELL,36.0,,,,36.0,,,,,,,,,,,,,
21,2018-07-01,0.0,SI,123,32229,0,CODELL,36.0,,,,36.0,,,,,,,,,,,,,
22,2018-06-01,0.0,SI,123,32229,0,CODELL,36.0,,,,36.0,,,,,,,,,,,,,
23,2018-05-01,0.0,SI,123,32229,0,CODELL,36.0,,,,36.0,,,,,,,,,,,,,
24,2018-04-01,0.0,SI,123,32229,0,CODELL,36.0,,,,36.0,,,,,,,,,,,,,
25,2018-03-01,0.0,SI,123,32229,0,CODELL,36.0,,,,36.0,,,,,,,1295.0,,,,,,
26,2018-02-01,0.0,SI,123,32229,0,CODELL,36.0,,,,36.0,,,,,,,,,,,,,
27,2018-01-01,0.0,SI,123,32229,0,CODELL,36.0,,,,36.0,,,,,,,,,,,,,
28,2017-12-01,0.0,SI,123,32229,0,CODELL,36.0,,,,36.0,,,,,,,,,,,,,
29,2017-11-01,0.0,SI,123,32229,0,CODELL,36.0,,,,36.0,,,,,,,,,,,,,
30,2017-10-01,0.0,SI,123,32229,0,CODELL,147.0,,111.0,,36.0,50.25,,,,,,,,,,,,
31,2017-09-01,0.0,SI,123,32229,0,CODELL,147.0,,,,147.0,,,,,,,,,,,,,
32,2017-08-01,0.0,SI,123,32229,0,CODELL,147.0,,,,147.0,,,,,,,,,,,,,
33,2017-07-01,0.0,SI,123,32229,0,CODELL,147.0,,,,147.0,,,,,,,,,,,,,
34,2017-06-01,0.0,SI,123,32229,0,CODELL,147.0,,,,147.0,,,,,,,,,,,,,
35,2017-05-01,2.0,PR,123,32229,0,CODELL,147.0,,,,147.0,,3.0,,,,3.0,1290.0,,,,,,
36,2017-04-01,1.0,PR,123,32229,0,CODELL,182.0,8.0,,-43.0,147.0,,,,,,,,,,,,,
37,2017-03-01,2.0,PR,123,32229,0,CODELL,138.0,43.0,,1.0,182.0,,3.0,,,,3.0,1283.0,,,,,,
38,2017-02-01,0.0,SI,123,32229,0,CODELL,138.0,,,,138.0,,,,,,,,,,,,,
39,2017-01-01,0.0,SI,123,32229,0,CODELL,138.0,,,,138.0,,,,,,,,,,,,,
40,2016-12-01,0.0,SI,123,32229,0,CODELL,138.0,,,,138.0,,,,,,,,,,,,,
41,2016-11-01,30.0,PR,123,32229,0,CODELL,138.0,,,,138.0,,5.0,,,,5.0,1287.0,,,,,,
42,2016-10-01,21.0,PR,123,32229,0,CODELL,138.0,,,,138.0,,13.0,,,,13.0,1290.0,,,,,,
43,2016-09-01,1.0,PR,123,32229,0,CODELL,47.0,,,,47.0,,4.0,,,,4.0,1294.0,,,,,,
44,2016-08-01,,SI,123,32229,0,CODELL,47.0,,,,47.0,,,,,,,,,,,,,
45,2016-07-01,,SI,123,32229,0,CODELL,47.0,,,,47.0,,,,,,,,,,,,,
46,2016-06-01,,SI,123,32229,0,CODELL,47.0,,,,47.0,,,,,,,,,,,,,
47,2016-05-01,,SI,123,32229,0,CODELL,47.0,,,,47.0,,,,,,,,,,,,,
48,2016-04-01,1.0,PR,123,32229,0,CODELL,47.0,,,,47.0,,6.0,,,,6.0,1288.0,,,,,,
49,2016-03-01,,SI,123,32229,0,CODELL,47.0,,,,47.0,,,,,,,,,,,,,
50,2016-02-01,2.0,PR,123,32229,0,CODELL,35.0,12.0,,,47.0,,,,,,,,,,,,,M
51,2016-01-01,1.0,PR,123,32229,0,CODELL,35.0,,,,35.0,,5.0,,,,5.0,1290.0,,,,,,
52,2015-12-01,,SI,123,32229,0,CODELL,208.0,,156.0,-17.0,35.0,48.8,,,,,,,,,,,,
53,2015-11-01,1.0,PR,123,32229,0,CODELL,208.0,,,,208.0,,5.0,,,,5.0,1287.0,,,,,,
54,2015-10-01,13.0,PR,123,32229,0,CODELL,208.0,,,,208.0,,102.0,,,,102.0,1258.0,,,,,,
55,2015-09-01,9.0,PR,123,32229,0,CODELL,60.0,149.0,,-1.0,208.0,,,,,,,,,,,,,
56,2015-08-01,,SI,123,32229,0,CODELL,60.0,,,,60.0,,,,,,,,,,,,,
57,2015-07-01,1.0,PR,123,32229,0,CODELL,54.0,6.0,,,60.0,,,,,,,,,,,,,
58,2015-06-01,6.0,PR,123,32229,0,CODELL,46.0,8.0,,,54.0,,,,,,,,,,,,,
59,2015-05-01,14.0,PR,123,32229,0,CODELL,38.0,8.0,,,46.0,,90.0,,,,90.0,1261.0,,,,,,
60,2015-04-01,21.0,PR,123,32229,0,CODELL,28.0,10.0,,,38.0,,82.0,,,,82.0,1259.0,,,,,,
61,2015-03-01,31.0,PR,123,32229,0,CODELL,162.0,35.0,168.0,-1.0,28.0,52.9,65.0,,,,65.0,1259.0,,,,,,
62,2015-02-01,26.0,PR,123,32229,0,CODELL,154.0,8.0,,,162.0,,140.0,,,,140.0,1259.0,,,,,,
63,2015-01-01,31.0,PR,123,32229,0,CODELL,136.0,18.0,,,154.0,,254.0,,,,254.0,1259.0,,,,,,
64,2014-12-01,30.0,PR,123,32229,0,CODELL,113.0,23.0,,,136.0,,296.0,,,,296.0,1260.0,,,,,,
65,2014-11-01,30.0,PR,123,32229,0,CODELL,72.0,40.0,,1.0,113.0,,194.0,,,,194.0,1259.0,,,,,,
66,2014-10-01,28.0,PR,123,32229,0,CODELL,172.0,60.0,160.0,,72.0,53.4,370.0,,,,370.0,1259.0,,,,,,
67,2014-09-01,28.0,PR,123,32229,0,CODELL,119.0,53.0,,,172.0,,417.0,,,,417.0,1261.0,,,,,,
68,2014-08-01,28.0,PR,123,32229,0,CODELL,30.0,89.0,,,119.0,,327.0,,,,327.0,1262.0,,,,,,
69,2014-07-01,28.0,PR,123,32229,0,CODELL,162.0,40.0,172.0,,30.0,51.9,324.0,,,,324.0,1301.0,,,,,,
70,2014-06-01,21.0,PR,123,32229,0,CODELL,138.0,24.0,,,162.0,,172.0,,,,172.0,1300.0,,,,,,
71,2014-05-01,31.0,PR,123,32229,0,CODELL,70.0,68.0,,,138.0,,291.0,,,,291.0,1301.0,,,,,,
72,2014-04-01,21.0,PR,123,32229,0,CODELL,202.0,55.0,187.0,,70.0,55.0,290.0,,,,290.0,1301.0,,,,,,
73,2014-03-01,21.0,PR,123,32229,0,CODELL,105.0,98.0,,-1.0,202.0,,490.0,,,,490.0,1263.0,,,,,,
74,2014-02-01,21.0,PR,123,32229,0,CODELL,68.0,36.0,,1.0,105.0,,390.0,,,,390.0,1263.0,,,,,,
75,2014-01-01,31.0,PR,123,32229,0,CODELL,153.0,85.0,170.0,,68.0,55.0,813.0,,,,813.0,1264.0,,,,,,
76,2013-12-01,29.0,PR,123,32229,0,CODELL,83.0,70.0,,,153.0,,663.0,,,,663.0,1263.0,,,,,,
77,2013-11-01,30.0,PR,123,32229,0,CODELL,167.0,111.0,195.0,,83.0,54.1,625.0,,,,625.0,1263.0,,,,,,
78,2013-10-01,25.0,PR,123,32229,0,CODELL,55.0,112.0,,,167.0,,504.0,,,,504.0,1263.0,,,,,,
79,2013-09-01,30.0,PR,123,32229,0,CODELL,152.0,106.0,202.0,-1.0,55.0,51.5,611.0,,,,611.0,1263.0,,,,,,
80,2013-08-01,21.0,PR,123,32229,0,CODELL,82.0,70.0,,,152.0,,428.0,,,,428.0,1263.0,,,,,,
81,2013-07-01,31.0,PR,123,32229,0,CODELL,177.0,67.0,162.0,,82.0,52.0,480.0,,,,480.0,1263.0,,,,,,
82,2013-06-01,28.0,PR,123,32229,0,CODELL,72.0,105.0,,,177.0,,430.0,,,,430.0,1264.0,,,,,,
83,2013-05-01,29.0,PR,123,32229,0,CODELL,152.0,79.0,159.0,,72.0,53.9,658.0,,,,658.0,1264.0,,,,,,
84,2013-04-01,21.0,PR,123,32229,0,CODELL,120.0,32.0,,,152.0,,341.0,,,,341.0,1264.0,,,,,,
85,2013-03-01,31.0,PR,123,32229,0,CODELL,187.0,109.0,176.0,,120.0,56.2,647.0,,,,647.0,1264.0,,,,,,
86,2013-02-01,27.0,PR,123,32229,0,CODELL,73.0,113.0,,1.0,187.0,,609.0,,,,609.0,1264.0,,,,,,
87,2013-01-01,27.0,PR,123,32229,0,CODELL,152.0,104.0,182.0,-1.0,73.0,54.7,624.0,,,,624.0,1264.0,,,,,,
88,2012-12-01,31.0,PR,123,32229,0,CODELL,33.0,119.0,,,152.0,,588.0,,,,588.0,1263.0,,,,,,
89,2012-11-01,28.0,PR,123,32229,0,CODELL,90.0,108.0,165.0,,33.0,54.7,473.0,,,,473.0,1264.0,,,,,,
90,2012-10-01,29.0,PR,123,32229,0,CODELL,128.0,135.0,173.0,,90.0,53.2,689.0,,,,689.0,1264.0,,,,,,
91,2012-09-01,22.0,PR,123,32229,0,CODELL,47.0,81.0,,,128.0,,506.0,,,,506.0,1264.0,,,,,,
92,2012-08-01,24.0,PR,123,32229,0,CODELL,140.0,87.0,180.0,,47.0,50.9,538.0,,,,538.0,1263.0,,,,,,
93,2012-07-01,31.0,PR,123,32229,0,CODELL,200.0,137.0,197.0,,140.0,51.8,740.0,,,,740.0,1264.0,,,,,,
94,2012-06-01,30.0,PR,123,32229,0,CODELL,62.0,138.0,,,200.0,,794.0,,,,794.0,1264.0,,,,,,
95,2012-05-01,31.0,PR,123,32229,0,CODELL,117.0,133.0,188.0,,62.0,52.6,771.0,,,,771.0,1264.0,,,,,,
96,2012-04-01,29.0,PR,123,32229,0,CODELL,197.0,109.0,189.0,,117.0,52.8,746.0,,,,746.0,1264.0,,,,,,
97,2012-03-01,30.0,PR,123,32229,0,CODELL,40.0,157.0,,,197.0,,931.0,,,,931.0,1263.0,,,,,,
98,2012-02-01,29.0,PR,123,32229,0,CODELL,58.0,165.0,183.0,,40.0,52.2,910.0,,,,910.0,1263.0,,,,,,
99,2012-01-01,31.0,PR,123,32229,0,CODELL,35.0,213.0,190.0,,58.0,52.3,1028.0,,,,1028.0,1263.0,,,,,,
100,2011-12-01,31.0,PR,123,32229,0,CODELL,210.0,202.0,377.0,,35.0,52.0,1045.0,,,,1045.0,1264.0,,,,,,
101,2011-11-01,30.0,PR,123,32229,0,CODELL,167.0,222.0,179.0,,210.0,52.4,1193.0,,,,1193.0,1264.0,,,,,,
102,2011-10-01,31.0,PR,123,32229,0,CODELL,97.0,260.0,190.0,,167.0,51.9,1287.0,,,,1287.0,1264.0,,,,,,
103,2011-09-01,30.0,PR,123,32229,0,CODELL,220.0,258.0,381.0,,97.0,51.9,1214.0,,,,1214.0,1264.0,,,,,,
104,2011-08-01,28.0,PR,123,32229,0,CODELL,77.0,310.0,167.0,,220.0,52.5,1512.0,,,,1512.0,1264.0,,,,,,
105,2011-07-01,31.0,PR,123,32229,0,CODELL,140.0,327.0,380.0,-10.0,77.0,51.3,2066.0,,,,2066.0,1263.0,,,,,,
106,2011-06-01,30.0,PR,123,32229,0,CODELL,97.0,432.0,371.0,-18.0,140.0,51.7,2281.0,,,,2281.0,1264.0,,,,,,
107,2011-05-01,31.0,PR,123,32229,0,CODELL,277.0,583.0,740.0,-23.0,97.0,52.9,2955.0,,,,2955.0,1264.0,,,,,,
108,2011-04-01,22.0,PR,123,32229,0,CODELL,10.0,650.0,366.0,-17.0,277.0,50.6,1705.0,,,,1705.0,1239.0,,,,,,
109,2011-03-01,14.0,PR,123,32229,0,CODELL,,395.0,385.0,,10.0,49.9,956.0,,,,956.0,1239.0,,,,,,
110,2011-02-01,,DG,123,32229,0,CODELL,,,,,,,,,,,,,,,,,,
