,First of Month,Days Produced,Well Status,API County,API Sequence,API Sidetrack,Formation,BOM Inventory,Oil Produced,Oil Sold,Oil Adjustment,EOM Inventory,Oil Gravity,Gas Produced,Gas Flared,Gas Used,Gas Shrinkage,Gas Sold,Gas BTU,Gas Tubing Pressure,Gas Casing Pressure,Water Volume,Water Tubing Pressure,Water Casing Pressure,Water Disp Code
0,2020-04-01,30,PR,123,41988,0,NIOBRARA,4.0,2518.0,2521.0,,1.0,59.4,1657.0,,751.0,,906.0,2390.0,,,1592.0,,,C
1,2020-03-01,31,PR,123,41988,0,NIOBRARA,9.0,2582.0,2587.0,,4.0,56.3,1248.0,,451.0,,797.0,2357.0,,,1659.0,,,C
2,2020-02-01,29,PR,123,41988,0,NIOBRARA,2.0,2388.0,2381.0,,9.0,56.7,1268.0,,688.0,,580.0,2229.0,,,1607.0,,,C
3,2020-01-01,29,PR,123,41988,0,NIOBRARA,1.0,2648.0,2647.0,,2.0,59.9,8128.0,,791.0,,7337.0,1371.0,,,1820.0,,,C
4,2019-12-01,31,PR,123,41988,0,NIOBRARA,6.0,2948.0,2953.0,,1.0,55.4,12886.0,,,,12886.0,1365.0,,,1963.0,,,C
5,2019-11-01,30,PR,123,41988,0,NIOBRARA,9.0,3645.0,3648.0,,6.0,55.3,12975.0,,,,12975.0,1355.0,,,2135.0,,,C
6,2019-10-01,31,PR,123,41988,0,NIOBRARA,1.0,3483.0,3475.0,,9.0,57.6,13947.0,,,,13947.0,1364.0,,,2181.0,,,C
7,2019-09-01,30,PR,123,41988,0,NIOBRARA,2.0,3792.0,3793.0,,1.0,54.7,15315.0,,,,15315.0,1357.0,,,1954.0,,,C
8,2019-08-01,31,PR,123,41988,0,NIOBRARA,2.0,3794.0,3794.0,,2.0,56.6,17988.0,,,,17988.0,1323.0,,,2188.0,,,C
9,2019-07-01,31,PR,123,41988,0,NIOBRARA,2.0,4218.0,4218.0,,2.0,54.2,20624.0,,,,20624.0,1335.0,,,2854.0,,,C
10,2019-06-01,30,PR,123,41988,0,NIOBRARA,1.0,4590.0,4589.0,,2.0,50.8,21401.0,,,,21401.0,1314.0,,,3044.0,,,C
11,2019-05-01,29,PR,123,41988,0,NIOBRARA,5.0,4140.0,4144.0,,1.0,54.2,19078.0,,,,19078.0,1310.0,,,2832.0,,,C
12,2019-04-01,30,PR,123,41988,0,NIOBRARA,10.0,4921.0,4926.0,,5.0,52.5,20286.0,,,,20286.0,1309.0,,,3166.0,,,C
13,2019-03-01,31,PR,123,41988,0,NIOBRARA,3.0,4971.0,4964.0,,10.0,55.9,20190.0,,,,20190.0,1316.0,,,3178.0,,,C
14,2019-02-01,28,PR,123,41988,0,NIOBRARA,3.0,4759.0,4759.0,,3.0,53.1,18029.0,,,,18029.0,1310.0,,,3260.0,,,C
15,2019-01-01,31,PR,123,41988,0,NIOBRARA,1.0,5083.0,5081.0,,3.0,53.3,21241.0,,,,21241.0,1304.0,,,3885.0,,,C
16,2018-12-01,31,PR,123,41988,0,NIOBRARA,1.0,5224.0,5224.0,,1.0,54.2,20074.0,,,,20074.0,1329.0,,,3976.0,,,C
17,2018-11-01,30,PR,123,41988,0,NIOBRARA,2.0,5487.0,5488.0,,1.0,51.7,21262.0,,,,21262.0,1325.0,,,4665.0,,,C
18,2018-10-01,31,PR,123,41988,0,NIOBRARA,,5636.0,5634.0,,2.0,53.7,21208.0,,,,21208.0,1336.0,,,5037.0,,,C
19,2018-09-01,30,PR,123,41988,0,NIOBRARA,,5479.0,5479.0,,,52.5,20550.0,,,,20550.0,1330.0,,,5698.0,,,C
20,2018-08-01,31,PR,123,41988,0,NIOBRARA,,5508.0,5508.0,,,40.0,18627.0,,,,18627.0,1376.0,,,5711.0,,,C
21,2018-07-01,31,PR,123,41988,0,NIOBRARA,,5567.0,5567.0,,,40.0,17569.0,,,,17569.0,1376.0,,,6728.0,,,C
22,2018-06-01,30,PR,123,41988,0,NIOBRARA,,3957.0,3957.0,,,40.0,15677.0,,,,15677.0,1360.0,,,5762.0,,,C
23,2018-05-01,31,PR,123,41988,0,NIOBRARA,,3240.0,3240.0,,,40.0,15696.0,,,,15696.0,1342.0,,,6471.0,,,C
24,2018-04-01,30,PR,123,41988,0,NIOBRARA,,1223.0,1223.0,,,40.0,10497.0,,,,10497.0,1327.0,,,5871.0,,,C
25,2018-03-01,19,PR,123,41988,0,NIOBRARA,,1723.0,1723.0,,,40.0,5498.0,,,,5498.0,1355.0,,,3725.0,,,C
26,2018-02-01,0,SI,123,41988,0,NIOBRARA,,,,,,,,,,,,,,,,,,
27,2018-01-01,30,PR,123,41988,0,NIOBRARA,,8287.0,8287.0,,,40.0,35801.0,,,,35801.0,1346.0,,,4189.0,,,C
28,2017-12-01,31,PR,123,41988,0,NIOBRARA,,9209.0,9209.0,,,40.0,41709.0,,,,41709.0,1328.0,,,4622.0,,,C
29,2017-11-01,30,PR,123,41988,0,NIOBRARA,,10425.0,10425.0,,,40.0,43096.0,,,,43096.0,1345.0,,,5198.0,,,C
30,2017-10-01,31,PR,123,41988,0,NIOBRARA,,12044.0,12044.0,,,40.0,46531.0,,,,46531.0,1341.0,,,5944.0,,,I
31,2017-09-01,30,PR,123,41988,0,NIOBRARA,,13560.0,13560.0,,,40.0,48333.0,,,,48333.0,1365.0,,,6755.0,,,I
32,2017-08-01,31,PR,123,41988,0,NIOBRARA,,16644.0,16644.0,,,40.0,52840.0,,,,52840.0,1316.0,,,7652.0,,,I
33,2017-07-01,31,PR,123,41988,0,NIOBRARA,,18846.0,18846.0,,,40.0,52151.0,,,,52151.0,1305.0,,,9246.0,,,I
34,2017-06-01,30,PR,123,41988,0,NIOBRARA,,21371.0,21371.0,,,40.0,48402.0,,,,48402.0,1334.0,,,10333.0,,,I
35,2017-05-01,31,PR,123,41988,0,NIOBRARA,,24752.0,24752.0,,,40.0,44964.0,,,,44964.0,1352.0,,,12369.0,,,I
36,2017-04-01,30,PR,123,41988,0,NIOBRARA,,28207.0,28207.0,,,40.0,39651.0,,,,39651.0,1335.0,,,14848.0,,,I
37,2017-03-01,31,PR,123,41988,0,NIOBRARA,,26646.0,26646.0,,,40.0,33470.0,1651.0,,,31819.0,1396.0,,,21828.0,,,I
38,2017-02-01,28,PR,123,41988,0,NIOBRARA,,23233.0,23233.0,,,40.0,21430.0,,,,21430.0,1405.0,,,21070.0,,,I
39,2017-01-01,31,PR,123,41988,0,NIOBRARA,,22789.0,22789.0,,,40.0,18264.0,,,,18264.0,1368.0,,,29987.0,,,I
40,2016-12-01,18,PR,123,41988,0,NIOBRARA,,8949.0,8949.0,,,40.0,6253.0,531.0,,,5722.0,1491.0,,,19127.0,,,I
41,2016-11-01,0,DG,123,41988,0,NOT COMPLETED,,,,,,,,,,,,,,,,,,
42,2016-10-01,0,DG,123,41988,0,NOT COMPLETED,,,,,,,,,,,,,,,,,,
43,2016-09-01,0,DG,123,41988,0,NOT COMPLETED,,,,,,,,,,,,,,,,,,
44,2016-08-01,0,DG,123,41988,0,NOT COMPLETED,,,,,,,,,,,,,,,,,,
45,2016-07-01,0,DG,123,41988,0,NOT COMPLETED,,,,,,,,,,,,,,,,,,
46,2016-06-01,0,DG,123,41988,0,NOT COMPLETED,,,,,,,,,,,,,,,,,,
47,2016-05-01,0,DG,123,41988,0,NOT COMPLETED,,,,,,,,,,,,,,,,,,
48,2016-04-01,0,DG,123,41988,0,NOT COMPLETED,,,,,,,,,,,,,,,,,,
49,2016-03-01,0,DG,123,41988,0,NOT COMPLETED,,,,,,,,,,,,,,,,,,
50,2016-02-01,0,DG,123,41988,0,NOT COMPLETED,,,,,,,,,,,,,,,,,,
